65.69
52.15
38.38
60.54
64.26
52.10
60.64
56.45
63.07
63.15
62.75
36.13
66.31
61.03
64.67
68.07
57.94
64.69
60.82
45.90
64.65
60.10
53.64
53.77
55.42
66.07
55.73
64.05
78.25
60.61
50.82
53.98
63.80
59.31
70.79
60.93
55.61
59.94
57.33
60.44
56.98
55.55
69.26
66.03
60.06
63.97
49.96
53.54
63.70
64.89
65.86
63.63
55.59
60.19
62.79
59.44
61.38
64.64
53.40
65.31
65.40
55.27
61.16
72.96
54.53
52.88
49.07
67.21
62.36
55.44
60.49
44.38
46.28
65.82
45.30
38.89
60.34
57.78
56.42
64.12
58.89
70.72
59.02
58.82
49.22
53.37
66.61
72.34
66.15
56.43
48.80
61.86
60.22
59.98
63.55
69.76
65.99
55.20
48.24
65.92
55.15
64.83
56.19
55.10
56.98
61.87
55.63
55.49
60.39
69.78
59.00
65.70
66.05
66.29
68.59
58.15
57.94
62.21
60.11
60.21
53.03
58.36
52.74
59.73
57.65
61.30
68.41
52.75
61.42
59.01
68.88
56.49
58.65
37.86
67.54
55.49
71.42
58.83
65.00
52.51
58.57
57.64
59.87
55.91
74.19
61.54
60.66
58.58
56.68
59.98
27.77
46.08
65.63
47.27
58.55
73.01
64.65
42.98
62.39
67.40
57.76
61.15
61.79
47.02
47.88
62.43
54.00
69.18
57.21
64.49
53.81
63.50
55.94
58.23
55.22
59.60
56.01
51.05
65.19
56.28
52.32
57.84
67.24
59.17
72.58
63.57
59.33
51.29
70.77
61.89
67.88
56.67
53.61
56.08
65.23
57.18
67.50
70.63
63.43
63.97
73.99
52.59
62.43
57.42
53.66
60.66
58.79
60.98
70.13
59.80
57.10
62.35
60.55
78.38
63.46
57.11
53.11
47.65
80.21
49.58
63.48
44.79
55.15
56.08
69.32
64.57
67.05
56.39
51.14
57.11
58.78
61.14
68.13
63.38
66.83
68.43
57.52
69.26
54.12
57.67
66.38
60.19
52.70
55.29
58.23
55.77
61.83
43.71
63.52
70.26
58.20
60.57
64.49
45.48
67.35
59.80
72.43
63.16
69.26
57.95
43.79
61.23
69.49
65.22
46.42
59.01
64.78
64.38
57.72
60.35
57.55
58.54
55.86
57.60
67.45
64.58
55.88
58.92
59.17
64.51
58.89
58.51
65.60
65.35
54.80
58.14
68.95
66.20
57.95
72.70
56.45
61.84
52.33
57.80
58.16
54.04
51.35
59.80
61.76
67.33
60.78
54.27
52.25
49.70
61.32
59.46
59.71
57.55
58.70
68.10
62.06
61.74
62.13
62.76
67.64
65.46
65.45
53.82
58.41
64.97
63.47
64.08
57.25
59.79
56.72
57.47
69.21
70.38
49.11
52.69
55.14
51.04
57.20
62.88
72.54
51.73
66.08
48.00
57.91
62.91
54.87
54.83
52.27
65.62
53.47
58.74
49.00
53.80
60.09
64.00
39.81
41.71
49.00
67.01
49.13
72.44
59.54
52.50
61.11
54.77
51.24
61.55
67.12
52.83
41.79
56.21
57.35
51.63
55.53
61.31
52.40
56.81
49.87
55.91
60.01
71.18
65.87
63.06
51.09
45.10
56.26
50.55
53.46
54.88
50.10
62.42
53.50
56.44
66.86
59.32
62.45
54.14
59.12
58.50
51.77
66.67
50.95
55.40
57.08
63.47
58.69
66.83
58.45
63.64
47.71
70.49
69.75
44.73
62.60
64.44
67.60
53.84
54.77
47.48
40.56
55.37
59.34
65.54
51.39
63.23
51.69
65.54
63.28
55.36
50.68
54.65
48.92
40.09
49.89
62.87
51.22
61.43
66.60
54.00
59.93
61.36
49.26
63.05
59.87
33.58
39.85
37.87
58.61
70.06
60.37
63.99
66.09
66.13
53.77
50.06
62.97
60.63
54.73
62.51
63.80
61.88
57.86
63.09
60.66
70.38
37.68
62.49
56.73
56.20
59.57
63.39
57.30
56.01
60.21
56.85
48.13
66.67
73.04
62.68
59.32
76.30
47.68
75.36
58.58
54.51
62.98
71.61
62.67
63.10
60.37
46.10
57.75
57.35
57.43
53.47
63.71
57.28
62.95
59.96
72.39
52.47
57.98
64.39
68.70
57.74
51.60
53.50
71.22
61.56
64.48
58.22
64.64
58.68
58.12
61.22
63.40
54.17
70.84
56.47
57.24
56.87
68.69
70.86
66.52
58.44
70.49
53.03
66.23
60.33
58.55
51.73
54.05
65.05
69.12
51.57
56.36
59.37
63.33
71.53
59.72
52.39
59.89
56.19
65.04
57.17
57.63
67.20
54.05
60.21
65.12
62.04
54.24
74.59
61.76
58.12
67.44
62.03
61.04
63.51
61.81
48.16
57.86
62.09
58.17
63.94
54.71
61.97
80.37
56.22
52.90
64.22
65.59
62.66
69.96
62.36
46.29
69.18
59.83
64.57
57.99
53.73
58.32
59.16
55.50
70.30
65.23
66.23
51.64
52.44
75.24
62.67
64.99
62.81
52.41
62.89
56.03
62.09
66.47
60.03
57.43
64.81
58.63
70.48
71.04
43.71
59.59
59.47
62.70
52.23
62.85
74.48
57.15
56.25
57.68
56.76
54.22
55.87
54.52
70.62
58.30
54.06
62.61
59.27
54.76
54.35
47.28
56.24
58.15
64.89
64.46
45.55
56.70
65.36
62.32
51.03
56.96
44.62
57.67
59.19
69.32
56.73
56.78
59.89
58.85
79.71
54.16
50.93
58.63
65.53
52.23
50.83
54.92
51.74
35.93
66.57
53.37
49.38
71.54
75.16
56.13
59.45
60.12
63.82
61.74
67.42
58.54
58.67
65.12
73.11
65.77
75.88
67.30
60.65
60.02
60.23
56.99
61.27
59.05
59.38
64.76
59.32
72.12
71.64
47.42
66.66
57.09
68.73
61.78
54.35
51.63
56.10
56.95
68.43
63.75
58.62
57.06
65.31
60.78
74.60
52.71
75.11
57.04
58.78
59.29
38.30
79.11
52.44
60.65
53.61
65.24
63.78
55.83
48.02
52.03
65.71
63.37
57.43
52.39
61.80
58.86
61.34
57.60
71.50
65.38
59.13
57.50
46.95
58.30
58.73
55.86
54.21
59.74
50.66
64.02
58.28
57.41
67.96
58.21
64.72
58.62
55.46
69.58
65.59
56.84
63.47
54.57
67.21
60.42
67.50
70.93
52.64
62.04
64.57
53.61
55.86
66.06
68.77
55.14
58.38
54.85
41.29
66.71
53.71
77.85
66.66
58.63
60.33
61.73
49.61
65.57
54.20
45.19
70.29
56.08
56.49
77.21
67.30
51.91
67.96
69.50
73.47
58.36
64.10
55.39
61.50
49.53
60.86
62.41
63.99
40.01
55.27
55.28
59.01
54.24
64.06
59.95
55.34
54.70
66.07
67.77
57.57
63.17
39.34
52.29
53.05
52.39
58.75
62.25
59.14
56.90
61.75
60.08
56.51
44.69
47.38
65.03
50.82
63.89
60.36
64.04
69.22
47.71
59.06
59.99
65.90
61.17
74.71
66.60
53.86
68.62
68.50
65.12
45.09
65.59
51.54
52.64
63.78
63.29
65.77
65.17
53.56
67.13
54.57
60.34
38.92
58.98
54.47
64.10
63.75
67.92
54.49
62.16
58.11
58.72
50.58
67.53
69.47
52.18
72.36
62.18
56.35
57.75
54.16
53.02
60.02
53.92
56.03
53.18
63.02
52.26
60.90
56.35
52.11
65.57
63.95
68.40
64.25
35.65
62.70
37.50
64.23
43.58
62.02
52.57
58.64
58.64
65.60
58.82
57.46
68.16
53.81
53.26
60.52
71.21
35.48
58.88
55.57
61.21
60.98
64.75
65.87
46.77
49.38
55.32
44.30
54.08
51.91
62.92
55.94
52.27
45.75
55.81
61.72
59.28
65.97
49.31
58.36
58.10
56.85
71.44
60.53
70.53
52.11
71.55
59.18
56.71
55.56
62.70
59.62
68.59
71.03
50.62
60.55
65.08
41.75
57.61
62.65
54.64
59.04
73.98
55.45
69.47
58.32
66.39
60.05
67.49
55.50
54.30
58.90
45.99
51.40
45.53
58.54
54.50
61.64
51.33
52.74
57.02
68.71
83.40
50.81
46.81
52.66
68.81
56.44
57.37
48.11
51.18
49.15
53.61
63.85
69.69
72.19
59.63
53.67
60.20
38.06
59.27
67.41
68.88
56.11
53.86
62.27
54.36
59.28
72.56
63.32
67.04
56.33
60.30
62.09
39.67
71.04
55.83
66.43
63.50
65.45
54.73
69.38
65.39
56.32
59.20
70.72
60.44
59.07
59.89
74.71
58.73
64.78
47.62
56.31
65.25
55.10
71.71
62.19
73.76
48.71
70.31
54.62
67.95
67.03
64.44
64.79
62.35
62.94
58.55
45.50
61.97
53.36
61.55
46.48
56.08
49.92
54.22
66.29
59.16
61.55
64.63
60.23
59.62
52.99
46.60
72.09
67.47
61.59
58.97
60.76
65.15
67.76
57.03
62.89
53.98
58.74
50.43
65.64
45.33
53.58
56.50
57.82
44.69
68.89
70.11
56.09
66.91
59.76
56.57
63.53
59.55
61.44
64.86
45.15
55.83
48.92
58.00
55.05
57.73
56.91
55.65
68.11
50.14
59.51
62.74
69.18
58.81
61.23
42.67
61.53
38.48
59.75
54.67
57.37
52.06
66.53
65.39
57.77
68.85
52.86
65.35
46.53
60.55
59.75
62.91
66.89
58.19
63.73
58.11
64.58
52.29
69.92
50.75
53.82
66.96
61.03
57.83
63.98
53.13
70.35
71.36
58.95
62.75
60.47
43.45
63.88
63.41
55.95
45.98
62.20
62.34
60.11
55.49
57.10
63.02
56.75
69.10
43.05
53.03
59.10
54.07
49.35
47.20
58.11
57.41
60.48
56.37
62.21
74.45
72.61
61.33
59.58
63.27
58.42
61.39
64.50
56.80
57.17
56.09
54.36
47.85
55.42
52.45
67.01
59.68
60.37
61.89
64.66
57.74
42.87
63.23
51.89
65.52
60.57
76.92
52.35
68.28
62.10
61.24
59.14
65.28
57.51
67.00
69.28
59.39
57.68
36.50
69.13
59.13
59.48
58.12
58.44
61.50
62.14
59.11
57.71
79.48
68.59
63.59
39.00
58.69
54.73
52.20
57.29
65.42
64.86
49.04
63.32
59.65
62.89
55.95
46.33
54.58
53.50
57.84
54.10
59.31
62.27
64.51
53.02
53.78
63.42
57.54
55.68
59.46
53.10
56.12
58.63
57.70
50.18
57.51
62.52
64.79
65.88
67.81
54.23
66.83
56.48
50.57
71.71
56.78
66.29
55.03
41.83
58.28
55.83
46.33
67.92
79.27
60.36
57.11
54.71
48.94
60.75
50.84
66.27
65.80
53.98
64.22
65.82
55.54
62.89
57.75
52.76
58.53
62.47
62.97
49.22
57.06
63.07
51.86
63.92
57.17
57.84
58.38
61.24
58.22
65.92
63.99
62.61
58.83
64.04
65.69
62.02
72.75
38.54
51.87
60.63
57.93
62.96
51.26
71.26
73.68
67.19
52.83
61.62
56.90
66.97
70.97
58.96
61.83
50.84
71.92
61.94
55.14
59.48
47.17
69.13
67.38
67.27
57.43
58.88
56.32
60.07
72.87
31.45
66.35
58.41
45.02
66.87
53.84
56.45
50.28
58.11
70.96
51.71
57.20
56.55
56.57
58.54
57.51
56.84
80.81
56.07
56.27
62.84
53.71
61.94
58.50
59.61
57.73
63.43
54.24
65.37
60.11
56.10
61.55
53.99
53.51
65.89
60.94
56.86
77.94
66.50
61.04
65.46
66.26
68.65
53.79
43.87
68.90
50.23
61.55
58.96
58.41
61.14
58.89
69.53
58.23
56.88
61.98
51.71
58.79
58.51
78.82
66.22
70.59
65.00
56.43
60.78
67.19
60.57
52.30
58.99
53.31
56.89
61.23
59.74
59.32
69.84
32.60
54.62
57.27
57.88
55.29
55.65
62.32
66.21
53.33
57.02
64.01
54.67
56.37
43.26
61.17
56.53
58.08
63.97
62.70
66.39
58.77
57.37
70.88
59.68
59.26
59.50
52.31
58.70
60.37
50.47
48.65
71.58
64.48
57.99
63.75
64.07
47.14
46.42
62.13
51.22
64.71
64.66
61.48
65.46
66.34
68.68
59.12
59.28
56.43
65.24
59.49
69.52
55.89
62.75
50.58
76.97
61.32
63.63
53.54
66.62
60.43
70.56
54.83
57.36
66.81
54.06
52.31
71.03
53.29
67.38
61.29
62.26
63.40
60.54
54.41
47.55
52.84
53.81
59.80
64.82
59.50
55.35
62.63
63.34
62.60
55.60
62.38
68.55
65.04
72.69
64.33
49.42
72.37
64.84
56.48
67.07
60.85
64.15
74.44
61.14
60.75
65.62
57.74
65.70
54.93
67.99
63.16
60.57
65.64
58.47
64.66
62.24
61.33
62.93
60.27
65.50
63.60
56.04
60.83
58.18
47.75
49.58
70.35
59.21
59.53
62.99
64.79
58.71
57.40
65.84
61.65
67.76
53.43
70.68
63.73
58.43
61.74
64.88
44.72
48.66
59.82
56.13
53.56
67.72
59.51
55.05
57.25
62.57
66.13
66.47
79.67
58.02
54.27
57.05
48.68
70.82
53.10
56.01
56.65
57.21
69.15
48.50
55.74
50.52
56.20
49.25
53.22
43.65
55.21
53.84
61.88
83.15
52.09
64.38
52.82
57.40
57.07
46.76
58.54
53.24
62.84
54.83
66.20
56.36
63.32
54.31
56.93
71.14
60.13
58.46
42.71
61.19
60.59
47.12
64.35
47.45
62.88
59.73
56.43
61.16
53.62
63.09
65.96
72.24
65.27
65.61
69.18
65.78
60.08
62.48
41.74
58.43
59.33
49.20
55.33
66.95
59.36
49.47
56.98
58.38
80.07
58.43
61.14
67.80
49.60
50.16
63.92
51.10
50.30
57.91
63.97
57.02
69.06
53.84
71.34
54.11
60.46
59.88
72.23
55.20
62.14
68.29
67.67
50.11
63.07
70.74
58.40
62.55
59.56
58.39
69.32
57.40
57.74
58.94
63.73
83.55
57.63
70.42
51.57
57.72
60.81
71.59
59.59
60.85
57.85
54.75
59.15
53.11
54.72
59.27
47.43
58.89
61.79
54.07
64.33
55.04
61.56
61.97
55.91
48.19
64.43
54.28
59.37
63.72
69.07
59.42
63.04
59.14
61.03
66.65
62.89
57.90
67.06
46.76
53.81
57.31
52.35
58.16
65.92
56.87
65.13
48.16
57.18
56.59
54.92
50.51
55.97
62.03
46.69
62.76
57.45
71.38
60.12
58.96
57.68
62.49
68.45
58.21
60.21
55.78
66.88
57.61
59.20
55.05
33.52
56.36
59.88
64.56
61.79
63.81
61.04
56.98
65.30
58.90
67.72
56.36
67.86
56.29
52.21
56.61
59.54
54.79
54.66
60.83
67.64
29.69
62.66
60.57
58.71
62.07
46.81
61.64
62.16
57.70
46.18
56.41
61.26
72.89
58.51
63.10
60.76
56.81
54.74
65.48
54.03
55.29
54.58
73.40
60.60
58.56
52.20
66.24
51.59
74.00
59.00
51.35
56.34
65.76
58.98
55.79
53.27
60.83
63.82
54.33
55.44
58.98
56.61
63.75
41.58
63.67
52.83
64.87
30.70
65.48
49.38
60.32
61.36
58.95
69.81
67.89
61.38
64.49
54.81
57.23
50.71
70.67
63.17
65.34
61.56
59.91
61.57
61.03
50.75
60.91
50.43
59.56
79.04
59.45
61.34
61.12
57.36
46.17
67.24
36.92
65.91
64.55
49.98
58.33
57.13
59.79
59.67
68.59
49.17
49.25
61.39
52.44
57.42
63.69
59.62
49.06
64.61
66.66
63.85
45.35
66.25
51.63
61.09
55.68
77.68
57.80
61.64
61.33
62.34
54.02
66.81
58.54
63.15
60.68
56.83
56.96
56.41
63.89
56.03
50.84
70.13
51.96
59.79
55.28
58.81
62.14
62.20
58.29
67.54
65.22
68.18
70.72
62.21
68.00
64.98
57.97
62.54
70.28
61.48
59.19
57.21
68.55
61.92
67.27
75.97
66.22
70.34
54.73
61.83
64.50
77.15
53.14
54.36
69.84
57.40
52.10
59.00
70.09
51.21
56.71
62.59
54.58
57.89
55.22
52.96
65.90
52.59
58.86
66.06
61.41
59.92
55.96
58.38
61.85
62.42
54.98
54.36
60.35
75.49
57.69
71.68
55.39
57.98
62.61
56.38
60.39
58.06
56.37
70.01
58.58
38.57
63.32
63.33
49.54
57.93
61.57
65.95
61.21
58.71
52.44
54.70
67.66
51.71
56.52
61.91
50.74
57.71
55.14
53.03
65.00
58.84
60.65
57.00
70.10
68.70
66.30
59.28
54.07
58.30
70.50
76.43
54.09
58.15
58.93
63.58
69.47
56.55
60.52
53.61
70.28
60.23
59.08
65.15
73.33
59.57
64.38
51.79
58.68
55.96
52.74
52.36
64.83
56.44
64.40
54.01
54.98
60.30
54.63
66.79
48.07
53.52
47.91
62.79
57.50
50.78
55.72
70.58
62.33
71.92
56.76
61.68
53.67
64.30
47.24
52.82
54.24
52.59
63.77
57.78
48.06
61.33
68.43
63.64
56.58
65.41
57.33
48.96
58.84
63.12
56.87
73.19
53.16
58.14
56.65
58.15
62.92
46.37
59.89
66.11
56.94
71.21
61.81
66.38
59.55
43.51
57.70
58.91
62.60
61.11
60.82
61.71
61.05
60.99
64.79
48.84
60.35
62.48
68.95
59.92
58.11
56.68
55.01
67.80
62.81
55.57
56.13
62.01
66.16
48.75
57.65
54.17
62.02
57.46
52.32
54.65
54.12
60.27
62.37
53.69
61.47
56.98
59.51
66.92
57.29
63.39
51.35
67.79
34.92
48.53
60.56
57.30
54.08
47.17
38.78
58.96
58.08
56.45
68.06
61.37
62.37
60.25
61.86
48.36
53.57
60.95
59.99
67.73
57.18
59.07
58.22
33.21
54.09
49.80
57.29
56.23
50.93
66.28
56.66
59.70
45.67
54.40
75.48
60.71
58.96
64.95
56.41
74.15
62.31
54.39
68.73
75.14
53.04
60.79
52.38
54.77
70.88
62.32
49.50
52.28
54.27
58.05
61.60
57.77
48.61
75.44
51.80
42.70
62.56
69.12
61.87
44.18
60.15
73.14
54.17
63.33
56.42
37.08
60.72
73.28
66.31
63.33
39.20
68.05
50.18
62.34
65.86
58.42
63.38
60.73
49.96
61.81
58.64
49.08
60.54
50.63
56.11
42.07
60.96
61.79
65.20
55.34
59.61
59.89
56.02
34.23
70.14
59.43
60.65
63.48
58.33
53.42
78.53
68.13
59.69
58.12
54.71
59.01
62.03
55.24
61.43
70.74
53.44
62.51
65.15
61.37
56.39
67.17
70.97
41.41
59.64
56.30
66.54
64.22
63.86
56.06
58.00
63.08
76.29
55.55
57.57
64.26
62.68
72.20
72.02
53.51
62.26
64.50
54.26
51.50
61.47
62.04
55.98
55.93
55.89
64.03
57.01
52.59
56.08
53.22
74.80
56.38
67.00
60.36
61.41
69.83
83.26
64.22
56.09
50.98
64.26
56.66
53.79
52.89
62.48
63.46
60.42
61.06
60.36
57.30
52.31
61.74
49.78
70.51
63.68
57.78
55.13
77.36
59.73
68.34
62.22
58.27
60.41
71.57
78.70
70.46
50.30
74.06
48.88
58.53
56.19
56.66
64.76
59.11
69.86
65.76
51.42
67.22
56.94
57.71
74.94
60.76
55.63
68.95
68.72
67.06
62.84
54.00
73.56
61.78
53.84
55.94
60.65
53.15
54.76
54.82
55.85
59.43
62.01
60.06
69.10
64.66
63.37
61.51
52.46
55.58
55.93
58.07
50.99
54.36
55.35
84.89
56.82
63.54
65.89
63.18
57.20
55.76
60.82
63.54
57.79
48.73
55.64
63.01
63.56
63.91
67.84
76.65
57.14
58.01
40.67
62.09
51.61
63.57
60.09
59.90
49.15
62.76
60.12
57.00
59.07
65.61
56.15
66.36
65.70
46.06
50.73
61.80
58.25
61.53
57.17
58.32
60.74
68.43
58.15
64.62
48.28
55.98
56.12
58.36
70.49
64.45
64.98
61.73
49.67
61.88
55.76
62.99
61.58
62.02
68.49
67.77
53.94
65.97
62.34
51.37
55.02
68.42
59.17
53.27
48.93
38.65
59.95
54.24
58.08
63.50
69.12
62.86
67.22
59.10
68.21
50.26
44.54
62.08
64.15
54.28
55.41
64.24
54.79
55.31
73.17
66.81
55.83
57.13
66.21
65.96
54.44
59.67
63.45
57.40
60.49
68.61
59.92
60.96
66.65
65.90
54.72
63.46
58.65
56.42
51.58
55.55
57.64
67.44
58.64
63.73
59.45
66.18
49.50
55.09
55.21
61.10
59.65
55.83
67.96
65.06
53.89
73.84
53.79
52.42
60.22
62.92
60.28
56.16
60.33
55.83
56.62
70.85
78.86
53.08
55.69
65.14
63.95
57.64
58.54
51.12
63.76
70.73
55.88
58.68
62.28
59.37
52.24
72.39
55.55
48.75
62.03
63.15
67.63
70.73
60.10
58.09
67.05
61.84
60.51
59.98
62.96
68.16
49.78
61.10
50.20
63.20
45.78
56.43
51.74
60.73
79.65
61.95
34.08
68.15
58.78
62.72
64.66
54.40
60.47
52.61
65.93
61.01
52.28
63.65
60.62
57.54
60.59
57.04
61.17
31.90
63.68
61.57
61.78
65.65
74.06
48.86
66.05
64.26
54.24
49.53
54.02
69.29
59.51
65.53
60.04
60.26
63.52
60.43
45.98
58.95
55.60
45.63
70.60
51.44
60.25
61.56
48.00
69.68
70.43
66.60
53.17
66.39
63.43
59.17
67.33
67.00
61.16
63.05
70.00
65.48
56.23
52.42
61.94
67.68
68.63
53.00
54.82
66.18
50.87
59.54
60.84
62.52
64.31
66.58
59.42
63.35
43.80
46.17
69.02
67.09
64.30
59.31
55.47
60.33
67.82
54.85
58.66
64.05
41.04
63.86
47.21
59.42
60.91
61.78
53.33
63.20
62.57
65.01
56.00
51.69
60.17
63.81
67.86
81.96
66.13
58.60
50.54
48.19
60.54
62.09
61.88
53.88
51.02
49.93
39.57
54.80
61.19
54.72
53.60
53.24
63.63
56.67
62.07
52.32
59.63
56.67
58.95
41.87
56.34
44.53
62.34
64.54
57.99
55.05
58.47
56.37
62.33
46.12
52.49
59.97
58.82
62.26
63.87
54.07
61.54
61.03
56.85
57.98
65.20
58.41
65.54
53.33
60.04
58.37
54.68
52.60
49.83
58.37
52.04
39.82
55.59
59.54
58.12
59.15
55.92
54.93
53.22
55.90
64.46
64.97
58.66
52.48
65.85
64.29
54.43
59.04
66.62
65.47
68.99
57.44
47.73
64.01
54.90
54.29
56.18
62.99
60.83
63.14
55.60
73.53
68.18
58.54
50.35
61.66
69.76
60.67
61.14
62.87
55.99
61.22
70.90
59.55
59.55
42.62
72.61
54.70
62.79
58.35
61.28
63.22
58.06
62.24
63.33
57.66
35.80
63.72
71.65
68.58
61.91
58.94
67.66
66.67
53.94
54.35
45.90
62.16
44.33
50.99
35.28
58.56
62.17
44.22
61.81
61.34
56.65
52.12
57.34
48.78
62.19
56.15
45.85
53.70
71.72
57.61
63.03
54.32
44.87
63.23
54.46
58.62
62.43
60.27
62.49
56.97
59.94
60.21
76.00
56.30
61.29
67.44
57.16
58.36
71.84
48.64
60.99
58.26
65.23
75.13
58.25
53.27
57.56
59.06
56.91
65.19
64.23
67.49
63.06
57.63
45.96
70.17
59.04
53.35
64.39
63.93
66.18
47.89
54.20
54.20
68.06
67.95
72.45
58.42
68.00
48.83
74.83
63.79
62.47
59.37
59.87
64.94
45.17
58.34
55.13
62.83
75.98
69.97
64.76
64.59
67.74
53.05
63.67
69.07
59.55
52.69
71.86
65.76
58.33
57.23
58.23
53.26
75.27
60.27
66.82
67.83
56.39
65.07
65.92
74.20
50.53
61.66
58.96
70.34
66.70
54.71
59.62
53.28
52.94
56.88
63.74
61.43
57.40
56.95
57.54
57.55
53.69
63.00
60.92
63.92
56.06
52.10
60.36
57.10
53.34
59.24
66.47
67.46
69.86
59.95
58.47
59.56
54.47
55.99
55.79
59.73
69.18
65.42
59.07
64.42
53.80
58.01
63.84
51.08
72.36
60.96
60.14
75.53
68.48
46.20
62.13
59.09
56.21
58.53
71.55
62.69
57.53
51.57
60.12
58.58
73.95
56.79
56.82
66.95
72.36
42.86
56.07
64.94
59.78
63.36
59.28
57.46
58.19
58.45
52.06
59.45
53.59
59.25
63.47
55.78
64.76
54.27
53.91
45.78
49.79
60.94
55.02
67.14
53.05
56.55
51.93
51.75
68.69
61.10
67.49
71.31
60.92
65.29
60.31
62.86
60.46
61.11
62.57
59.80
51.92
52.33
59.27
43.70
65.83
58.75
60.45
44.10
62.89
55.98
51.87
59.05
53.37
63.57
60.76
64.99
63.57
61.13
67.80
69.43
46.63
64.81
53.03
55.26
47.78
59.10
69.31
70.84
61.61
67.92
66.37
60.14
61.89
60.14
65.21
46.97
46.29
68.36
52.82
54.27
59.98
56.24
56.46
61.92
65.42
52.20
56.27
62.52
61.77
52.71
69.54
59.88
48.16
74.65
49.50
58.89
66.52
60.18
62.95
57.73
61.63
54.86
68.93
51.56
50.05
57.54
70.67
59.20
57.72
44.31
63.19
47.21
60.87
63.62
62.27
52.89
65.90
68.21
57.21
54.90
66.11
54.25
60.95
63.90
57.14
72.48
57.08
56.68
71.66
65.77
64.27
61.37
62.15
54.48
42.09
56.72
65.21
61.10
55.41
62.41
56.30
70.17
61.83
58.55
68.47
58.86
56.35
47.83
43.43
60.34
64.27
58.74
67.29
72.42
46.58
52.56
55.14
51.36
63.43
63.78
73.84
61.44
57.50
60.87
71.15
59.94
50.79
64.57
58.01
63.15
71.26
65.03
62.33
65.73
61.39
65.30
46.57
55.70
49.23
64.37
60.30
59.82
55.52
56.16
67.73
72.22
52.75
51.52
58.94
49.38
67.96
61.75
68.12
58.90
67.70
70.07
61.33
53.05
59.73
58.82
70.86
66.59
55.53
64.07
62.10
62.14
62.04
62.67
64.14
66.05
63.22
56.35
57.10
46.79
51.14
46.94
71.16
61.00
53.58
62.71
54.01
67.71
62.01
51.47
54.30
62.32
64.80
55.24
78.51
71.16
61.84
42.64
56.56
63.43
73.57
60.79
45.96
55.07
58.97
68.34
61.94
48.80
60.06
62.86
58.92
65.60
52.46
53.77
61.21
61.17
45.30
64.27
61.02
46.99
62.10
65.33
65.76
61.74
52.01
62.43
63.39
64.35
65.40
42.83
53.04
51.76
64.75
58.86
52.20
59.78
55.66
61.76
64.52
55.37
38.52
36.77
57.05
67.24
58.58
57.99
62.98
68.41
54.99
53.51
55.72
54.36
50.62
52.91
53.60
42.15
58.91
53.14
61.77
63.76
63.57
55.24
68.16
57.18
60.41
63.02
77.87
45.39
42.34
62.12
64.89
60.81
64.74
55.38
37.87
61.58
37.07
69.54
59.76
63.89
53.80
71.98
60.93
55.89
49.12
54.30
51.28
59.09
62.69
42.37
59.46
65.08
56.70
59.33
60.13
59.82
58.18
65.00
64.27
56.11
57.72
36.20
61.82
53.49
72.54
54.11
60.55
64.52
66.08
61.27
55.86
55.34
50.61
76.26
67.65
59.21
61.82
70.32
56.09
43.45
41.52
58.07
59.12
56.49
53.18
64.57
61.11
63.37
46.20
63.43
64.88
54.04
61.32
52.38
56.29
65.78
54.87
56.21
63.05
61.71
54.97
56.17
54.99
56.31
58.96
49.61
66.53
54.62
64.76
60.01
59.78
53.80
44.87
58.57
60.96
63.61
69.09
56.73
64.78
60.71
64.40
56.21
62.15
55.16
52.36
58.15
73.88
47.45
56.20
59.52
64.14
63.52
65.52
59.40
57.72
53.05
63.17
52.50
63.67
52.92
55.39
63.37
61.24
64.27
55.90
67.78
65.73
61.51
59.13
58.08
49.48
53.67
61.53
51.75
67.93
64.84
62.06
49.13
58.31
61.99
61.75
70.75
59.31
63.67
62.92
53.49
32.70
44.07
49.74
58.77
67.00
50.02
66.00
60.63
61.64
58.80
67.47
61.61
63.08
45.81
47.08
66.04
57.94
60.00
53.33
74.44
61.45
55.71
54.69
64.45
71.58
60.34
58.11
57.08
66.40
52.62
62.45
45.27
64.62
55.70
56.07
56.27
66.30
51.11
57.38
60.64
49.81
64.41
64.52
68.62
59.94
70.37
48.63
58.45
69.44
47.68
63.85
68.34
69.90
60.69
72.20
67.96
55.88
59.23
60.21
57.10
51.08
76.57
56.07
62.16
42.36
37.36
55.30
65.92
69.21
63.90
58.15
58.46
59.28
63.64
57.11
64.07
56.44
76.88
42.31
53.71
56.13
71.56
53.80
65.60
49.80
49.55
60.46
58.51
57.44
58.31
68.43
66.78
55.98
79.05
60.58
68.65
75.78
51.20
36.40
62.47
62.66
49.19
50.94
61.38
57.51
54.36
82.21
62.09
62.03
59.25
52.92
54.27
53.20
61.72
62.62
61.38
60.60
56.87
56.80
62.54
53.34
46.99
57.43
59.83
52.57
70.81
56.19
55.17
55.40
54.00
62.72
63.95
51.32
57.96
55.63
64.68
57.81
67.94
59.32
51.16
69.30
58.21
41.86
53.91
68.99
59.58
57.96
58.09
68.70
57.61
53.21
62.65
41.93
70.28
64.99
77.45
58.33
55.90
63.70
62.42
45.14
69.70
66.45
45.68
69.06
55.85
66.98
65.20
59.73
55.42
71.71
59.53
51.73
55.79
66.27
59.60
62.15
50.98
54.69
56.10
65.35
61.24
63.00
49.48
60.22
62.69
51.83
56.98
50.47
65.79
58.63
67.98
58.12
52.41
58.05
64.73
59.85
51.98
66.57
65.82
65.61
60.84
57.93
76.73
65.36
56.78
67.98
60.57
58.56
59.80
63.90
57.44
66.01
69.34
57.27
51.34
66.04
62.25
56.61
71.30
59.28
49.55
59.62
66.50
61.06
65.88
59.96
68.05
37.90
62.72
58.27
51.10
59.94
62.75
60.76
68.85
62.22
56.83
61.72
61.79
72.03
56.34
55.86
62.07
68.12
62.05
57.18
58.07
57.14
62.57
68.04
60.80
53.94
60.81
71.50
61.33
48.89
62.58
59.66
42.31
69.68
65.01
56.95
64.25
66.98
60.75
64.49
72.79
56.65
64.01
64.30
71.96
65.63
50.66
62.82
62.77
60.11
59.94
60.56
63.04
61.03
68.13
59.46
51.48
61.08
56.08
54.70
64.05
52.13
56.66
57.77
58.88
61.82
52.15
52.85
59.31
63.69
67.86
58.64
62.03
51.10
56.41
60.73
54.57
66.71
74.01
53.19
68.25
59.04
44.80
67.20
52.84
62.71
63.32
53.87
41.60
58.41
57.22
67.32
64.24
60.88
56.36
51.00
41.40
70.84
52.20
62.31
55.93
55.94
45.71
49.06
60.77
55.41
54.98
60.81
35.94
68.66
46.96
52.21
62.99
59.13
56.93
57.01
56.23
57.03
76.91
56.78
51.15
66.61
64.21
57.49
56.33
63.04
60.78
63.37
61.58
61.90
49.06
61.36
59.02
63.11
58.54
59.36
70.18
64.52
54.28
57.88
47.20
56.35
63.30
49.33
51.83
55.72
52.71
64.42
69.43
56.34
54.51
71.88
61.19
63.76
75.93
59.63
60.48
60.42
51.23
69.03
43.88
67.97
67.33
50.51
53.15
59.50
52.92
60.79
53.34
46.97
54.89
55.75
52.70
55.42
53.20
63.35
61.42
65.53
53.66
56.01
49.48
56.21
55.08
56.49
38.23
63.45
59.77
62.23
55.05
67.39
50.61
71.21
58.73
56.62
54.43
55.16
63.85
62.03
55.95
57.77
72.81
62.21
63.89
61.73
57.92
54.63
56.16
62.22
68.40
60.72
67.45
77.80
53.86
73.81
58.24
63.33
54.55
65.77
51.08
70.77
45.23
62.24
45.67
43.71
64.70
45.65
58.60
40.80
67.87
58.21
69.13
55.39
64.91
55.57
71.21
58.71
56.62
57.70
63.51
75.04
39.59
60.28
52.21
56.25
68.29
55.66
51.62
54.85
48.48
62.32
37.85
67.28
67.45
58.82
58.76
58.80
59.41
62.03
56.49
58.35
54.09
43.14
46.81
56.72
59.91
60.36
56.58
54.60
65.59
68.92
57.49
60.20
42.59
63.84
58.94
45.76
59.28
65.38
67.73
65.17
63.77
56.93
51.22
59.65
79.59
50.40
43.31
49.98
62.61
54.77
65.65
49.56
60.03
58.35
41.07
55.14
54.90
43.28
48.90
58.09
65.88
52.08
56.13
64.66
65.91
47.64
63.15
50.12
56.91
66.20
55.77
71.45
64.40
60.39
68.76
61.16
57.95
55.86
53.59
61.83
66.87
61.70
62.82
59.41
53.25
52.02
55.59
68.37
63.43
55.65
56.42
71.29
69.08
70.94
62.60
60.17
58.72
65.89
67.57
59.54
48.06
69.53
51.79
55.68
49.44
54.53
47.36
79.01
56.86
54.40
48.30
67.16
68.08
61.18
63.98
68.92
56.31
56.99
58.07
51.04
46.57
54.18
48.34
55.30
46.54
51.97
60.03
56.58
54.19
53.12
55.96
56.92
62.16
61.62
70.12
60.97
60.69
40.79
48.30
56.18
48.70
53.07
58.30
53.10
63.62
45.02
66.16
61.01
50.07
58.91
65.02
62.04
53.61
57.08
54.88
59.63
56.03
50.63
52.52
50.62
58.37
41.34
69.94
45.67
42.81
59.10
54.27
54.52
57.86
52.50
48.07
74.03
51.49
59.06
52.62
55.01
51.72
43.33
59.62
60.40
57.04
61.31
57.80
53.30
61.40
57.96
61.36
58.07
56.91
68.52
51.79
52.24
52.13
64.52
36.34
58.11
60.16
62.16
55.43
57.33
53.58
57.47
38.15
70.81
58.93
59.60
56.44
53.32
61.65
60.54
73.49
52.77
57.72
54.73
64.25
55.93
67.82
36.71
63.75
65.97
64.06
63.36
62.31
54.30
51.19
53.95
67.41
62.86
50.76
60.03
71.23
49.28
63.55
60.41
62.61
52.31
53.53
64.27
51.17
61.97
72.09
60.05
60.98
54.56
45.57
63.66
58.72
62.03
59.33
68.80
58.07
73.14
64.30
65.33
62.19
55.14
55.02
59.34
57.08
58.74
59.99
60.03
56.61
54.83
56.10
52.81
55.47
61.39
64.35
61.59
63.92
63.32
63.05
63.75
59.57
59.51
77.94
51.05
53.56
58.10
43.70
64.29
68.14
67.08
59.97
57.18
55.61
60.29
61.74
55.96
83.54
65.48
54.90
53.57
66.55
68.62
47.95
56.67
63.77
63.59
54.83
53.57
60.67
56.35
55.54
62.18
58.48
39.26
71.39
54.97
62.86
68.29
74.00
64.11
60.62
49.80
51.24
52.93
68.29
49.59
62.34
45.80
68.88
60.99
44.36
63.05
63.77
58.53
52.95
62.01
63.81
54.69
62.43
51.60
52.20
57.16
53.28
61.12
55.13
57.24
52.89
60.61
70.64
68.66
62.50
47.11
60.67
55.85
63.59
50.36
58.63
58.68
61.40
43.57
79.10
62.41
63.73
58.07
64.55
53.62
62.00
50.55
49.56
60.87
58.18
63.00
50.97
65.65
69.49
54.41
56.85
58.57
50.45
64.62
49.03
58.00
61.03
58.85
83.03
58.74
63.52
56.95
62.10
58.47
51.44
65.80
57.12
68.99
60.68
67.00
58.70
37.43
58.35
64.14
60.44
62.23
62.60
59.94
67.23
54.21
45.61
64.72
63.09
71.45
69.85
63.14
59.76
63.72
57.68
66.84
68.65
56.23
44.32
60.28
63.23
73.18
62.85
59.17
62.67
71.46
57.80
60.42
46.89
61.41
50.62
60.49
64.30
54.34
62.70
54.94
62.52
49.24
75.09
56.42
64.34
64.02
49.30
63.07
57.94
59.80
55.09
58.87
72.93
61.28
64.35
63.02
65.91
57.66
70.33
60.51
53.63
40.00
40.55
66.01
50.31
60.03
70.19
65.38
69.64
54.82
59.55
64.80
58.99
59.90
49.65
56.46
59.13
69.79
56.73
64.03
57.58
48.33
59.03
39.53
56.27
52.24
64.40
66.97
62.18
67.08
67.57
48.53
46.07
73.30
57.17
65.21
70.53
63.92
67.11
65.24
50.78
63.24
55.51
52.73
63.96
58.83
62.07
60.13
57.46
58.77
54.29
49.60
54.68
67.25
54.13
57.22
57.02
66.57
56.47
60.05
47.76
52.37
71.40
61.90
56.29
45.07
55.53
62.74
56.47
49.63
64.88
59.01
55.19
66.84
53.50
44.88
60.65
54.94
62.81
46.20
35.17
67.49
57.35
67.48
49.94
61.40
56.17
53.93
57.50
54.87
56.48
69.05
73.21
63.65
62.18
63.94
62.14
60.47
60.28
63.61
63.47
64.43
58.62
66.31
45.65
63.27
67.92
56.69
59.87
66.99
59.82
46.96
58.27
54.65
52.65
57.98
53.45
64.45
59.00
70.71
55.09
56.76
62.70
75.70
49.17
63.86
45.03
62.53
55.45
55.74
57.50
62.88
59.08
60.27
55.92
56.56
65.29
60.29
59.87
56.40
56.93
52.03
62.05
53.13
62.50
59.57
49.61
40.96
59.46
47.11
54.63
55.52
52.85
58.15
44.69
63.46
56.81
59.74
65.84
64.71
58.35
64.60
60.18
66.64
67.00
55.77
62.59
58.45
62.63
53.15
60.57
44.87
59.76
53.74
57.67
58.62
61.16
50.46
68.44
73.88
57.64
51.73
71.02
58.09
50.75
61.29
63.86
47.94
55.42
67.11
49.49
64.89
65.00
57.10
53.46
58.59
54.88
59.72
62.02
58.42
61.59
61.89
61.58
65.13
51.07
68.40
60.35
66.29
71.60
60.61
55.10
57.29
62.52
58.39
52.43
44.68
52.28
65.42
59.29
71.86
53.44
52.43
48.08
52.61
61.08
62.13
54.44
69.93
66.84
60.27
50.06
60.66
54.47
52.79
53.54
51.72
59.04
55.00
55.16
74.65
46.91
54.72
57.11
59.07
54.29
56.65
60.40
59.29
57.99
55.41
63.12
63.86
63.85
56.38
61.79
48.98
47.41
53.35
60.85
49.89
61.71
74.28
67.34
61.50
98.77
62.13
63.71
71.09
46.84
50.71
58.70
42.63
46.41
48.99
53.39
69.52
47.88
59.93
71.38
60.17
44.09
67.78
67.78
64.93
62.52
61.53
53.99
47.33
52.26
56.17
56.35
63.54
68.01
65.42
55.28
58.54
62.08
71.94
54.40
56.16
58.53
66.36
60.77
54.22
47.86
66.15
48.99
59.60
64.77
54.42
61.81
54.77
77.03
56.25
60.92
54.51
65.96
63.45
59.58
63.35
54.99
73.73
81.66
66.72
60.06
50.65
73.08
65.01
61.52
67.46
57.81
54.17
56.73
56.86
62.33
63.95
50.53
57.00
63.50
57.73
65.25
57.38
63.87
62.03
49.18
57.39
53.15
63.16
47.22
57.45
65.27
54.53
64.85
53.73
57.14
61.19
58.33
75.12
29.72
56.98
59.00
64.86
67.33
56.06
51.54
72.25
70.48
52.99
58.12
70.49
56.17
62.28
58.10
71.29
63.77
46.22
76.13
56.29
63.09
53.65
64.49
46.43
59.66
60.33
63.37
68.58
65.05
61.91
63.82
61.80
63.49
46.91
54.80
48.73
57.75
65.07
54.69
53.90
68.03
61.03
60.20
56.88
62.12
51.82
55.61
51.60
65.08
49.68
64.05
59.81
47.03
56.03
52.32
61.10
50.05
54.67
62.01
58.99
67.93
65.30
69.15
54.25
59.75
58.57
56.73
55.03
58.24
48.54
63.21
61.69
70.14
60.39
55.03
54.67
65.81
55.33
49.18
62.73
66.95
67.32
55.54
67.03
61.97
64.93
63.93
54.70
59.82
61.01
68.73
59.57
67.43
55.89
66.16
59.31
62.64
58.62
67.65
58.09
60.46
55.81
55.31
65.07
62.22
71.65
58.53
56.26
40.61
69.81
66.26
44.52
66.96
64.51
53.13
56.46
56.49
55.11
72.49
67.54
58.43
65.63
61.04
50.24
50.91
56.78
62.10
57.62
57.23
55.14
61.73
64.32
60.03
48.39
57.35
63.45
59.79
49.60
58.59
74.94
57.24
46.25
61.01
59.65
63.57
62.96
57.44
57.13
52.66
61.78
59.63
53.29
70.64
54.39
56.10
68.06
54.49
68.65
56.65
45.87
76.57
55.63
66.97
56.37
74.59
58.07
52.81
34.42
67.42
67.59
61.94
61.48
64.31
42.49
61.45
47.90
58.64
60.61
57.56
56.74
59.65
69.58
57.07
58.57
54.24
31.35
61.74
51.77
58.22
68.27
64.65
64.98
63.02
53.65
60.55
74.35
67.80
60.72
55.96
51.23
55.68
62.73
64.55
65.17
54.46
65.32
59.07
46.50
57.97
56.68
59.36
57.68
56.76
53.11
63.36
62.79
60.57
57.06
65.42
54.74
68.27
53.57
62.85
57.51
52.46
61.77
60.89
56.70
71.75
61.14
68.79
54.75
54.85
64.94
74.49
49.24
58.53
70.79
74.29
60.99
42.86
58.31
56.11
52.00
56.34
59.71
64.66
77.22
59.28
51.14
52.59
62.28
67.59
55.86
58.18
56.13
61.40
59.38
64.31
62.64
54.48
64.53
62.26
54.08
59.52
52.97
62.35
53.33
55.42
70.62
63.84
54.23
57.97
62.65
53.65
58.64
53.28
56.32
52.05
67.53
65.05
55.27
71.75
63.85
55.46
58.60
59.45
59.43
66.10
53.39
63.12
63.36
54.46
60.74
54.54
57.05
54.93
57.08
58.83
47.97
54.10
61.06
67.89
60.32
73.63
55.01
61.51
51.18
62.63
60.89
61.41
44.63
61.57
64.38
55.13
70.99
55.59
55.69
63.15
60.96
59.42
54.24
58.99
57.90
69.65
56.83
60.80
61.26
58.30
58.87
56.30
66.43
59.79
55.07
52.13
55.34
63.87
56.36
67.21
65.01
57.49
71.59
52.11
54.50
67.67
59.78
57.22
63.03
63.00
56.85
80.13
58.00
36.61
64.14
63.85
64.09
64.90
62.02
56.95
59.39
62.40
38.90
59.97
61.18
36.81
56.49
60.23
52.76
66.82
57.01
56.56
63.68
69.30
67.03
50.37
50.72
55.09
49.62
65.61
51.02
63.09
59.85
62.93
65.36
61.62
59.20
41.61
54.74
56.98
70.36
70.74
58.64
54.26
62.94
56.07
63.32
61.03
61.26
40.71
66.41
67.11
48.49
48.21
69.87
63.66
58.44
55.01
71.23
62.88
66.28
54.46
56.04
72.28
60.03
56.62
59.21
63.69
61.59
52.10
46.13
62.60
66.55
49.87
54.28
56.53
54.48
69.23
56.45
61.82
50.70
57.09
61.45
64.62
54.85
61.11
70.58
50.41
55.83
61.74
65.72
62.61
62.34
60.88
61.81
65.29
69.58
56.41
63.83
71.20
68.34
54.06
31.68
59.72
59.88
55.43
51.63
52.16
72.71
55.93
55.35
68.72
70.75
71.40
61.90
71.50
57.08
60.32
63.37
54.75
65.71
61.36
63.03
43.86
66.67
52.64
57.48
53.56
56.13
46.27
55.78
58.72
58.65
60.97
58.38
59.34
49.51
52.78
54.41
62.52
64.79
66.55
52.05
63.61
63.48
65.83
54.51
83.24
54.39
46.05
49.84
63.35
56.61
59.16
53.17
67.63
50.85
43.26
61.21
54.46
42.39
51.90
65.36
52.49
53.60
57.58
54.49
67.55
66.26
60.33
62.81
66.37
70.83
53.04
64.36
46.48
63.54
69.45
66.73
58.54
55.57
60.01
49.07
60.49
53.42
55.83
44.04
60.65
68.84
53.95
55.73
51.77
62.23
74.66
67.31
56.45
50.38
69.13
69.13
38.35
53.13
69.42
73.66
61.26
59.93
48.12
59.37
46.26
56.05
68.67
44.55
53.75
49.60
63.97
62.63
65.34
60.67
69.27
76.15
56.55
67.73
61.56
63.20
38.37
61.89
59.81
46.71
59.76
60.30
66.93
62.39
62.23
54.53
52.63
55.34
59.04
68.46
65.57
53.03
64.53
68.09
70.35
63.54
66.06
58.37
60.83
78.30
59.93
60.30
56.73
59.02
59.95
62.03
62.29
61.72
53.92
67.55
53.20
55.60
57.21
55.75
60.91
45.03
56.56
57.12
53.69
74.97
59.60
66.79
58.21
69.74
58.33
55.61
56.21
62.01
48.91
55.66
62.84
63.07
55.86
35.26
76.85
63.99
60.65
58.49
62.55
52.29
59.46
68.87
55.13
62.47
60.28
55.06
54.82
52.97
52.56
58.69
60.00
57.96
62.47
50.32
58.85
35.01
55.32
70.70
69.08
59.83
56.97
52.96
62.48
54.91
63.81
56.62
56.29
51.67
61.59
33.76
67.68
65.88
63.93
55.55
45.19
56.76
46.04
66.31
55.28
52.93
62.50
52.95
55.74
58.08
50.37
44.87
57.55
42.66
60.34
50.15
55.54
62.12
65.72
50.89
57.45
55.77
32.42
62.52
50.68
58.31
69.22
60.98
65.16
60.79
71.68
61.25
65.53
58.90
70.30
66.72
61.37
60.35
52.38
59.57
57.47
63.33
55.16
55.72
52.02
56.64
54.62
61.73
58.34
52.59
54.14
61.89
55.74
53.19
57.57
57.68
65.08
53.18
55.85
50.08
47.36
58.66
48.71
55.24
51.74
63.10
58.81
56.70
65.77
65.00
54.40
62.90
63.72
54.48
56.85
49.48
41.33
62.76
71.10
58.98
55.78
55.20
56.37
58.43
63.84
61.46
64.74
64.19
62.76
59.19
65.49
62.92
60.35
50.52
47.65
66.32
55.90
61.78
65.48
62.66
64.56
43.98
59.39
61.58
60.93
57.11
68.76
61.52
60.24
66.84
52.64
54.84
67.55
61.45
61.57
52.02
53.15
58.78
65.05
61.52
67.34
61.67
56.91
52.97
62.77
46.79
62.65
51.60
57.74
53.54
63.10
62.54
55.77
56.32
58.31
47.99
61.12
52.39
55.82
62.50
56.17
70.80
55.96
56.30
59.41
49.74
55.00
62.20
65.97
59.60
67.71
59.69
68.48
58.97
60.94
61.98
63.98
35.49
63.02
58.22
67.95
51.55
60.95
52.64
61.32
59.70
43.08
64.02
47.25
51.65
52.32
67.53
63.03
58.70
50.79
69.70
64.91
43.44
58.01
53.87
63.43
57.49
55.98
76.05
59.14
52.75
75.37
48.46
62.06
56.36
49.02
68.65
51.26
61.33
69.56
30.40
67.98
60.03
54.29
59.68
63.33
65.08
59.79
57.97
55.61
71.78
69.22
64.20
61.70
73.80
59.92
38.30
66.81
70.73
55.19
53.21
74.48
64.99
57.93
69.32
60.86
58.45
60.15
56.23
55.06
54.53
77.55
52.38
60.60
60.50
53.85
50.84
61.08
57.25
55.22
54.23
62.15
67.96
59.34
55.16
58.15
57.84
63.80
58.10
55.98
60.90
60.81
52.72
57.80
50.21
57.37
60.13
56.00
57.83
56.21
38.23
51.89
57.48
58.05
51.17
38.44
54.15
50.53
58.87
53.32
61.63
55.21
48.45
62.98
71.86
52.27
67.64
58.25
51.41
60.20
57.80
57.20
63.24
63.22
35.34
44.84
55.82
58.38
55.39
46.55
56.99
62.46
53.45
69.74
56.97
69.42
51.30
71.67
50.56
63.33
67.54
77.23
34.82
56.29
57.24
72.97
54.24
56.79
57.84
49.28
44.80
59.44
49.01
57.19
57.30
53.35
67.11
55.63
68.08
60.59
56.86
61.03
62.00
51.69
39.17
61.73
43.76
63.22
72.09
58.23
56.51
45.32
54.42
64.07
66.59
62.22
42.76
64.81
35.85
63.38
56.47
62.58
61.34
57.94
59.29
64.34
61.94
56.47
58.09
62.82
68.66
65.12
69.46
49.61
64.90
63.42
56.13
65.97
64.74
62.49
53.96
58.78
69.44
60.19
53.67
58.43
57.90
58.28
65.09
58.67
55.70
54.82
66.34
52.63
58.89
58.49
61.98
67.68
63.25
60.31
55.55
57.70
62.51
61.08
56.15
51.09
54.41
50.17
55.97
51.51
63.79
69.67
57.47
68.55
42.08
55.32
66.97
60.27
49.11
55.72
59.61
55.91
58.52
57.26
61.21
43.89
66.44
60.53
54.19
61.39
69.00
66.72
61.92
51.31
54.75
58.61
58.28
61.38
58.55
61.09
56.34
61.91
63.91
66.67
50.74
59.42
57.67
50.74
62.35
63.86
67.37
62.95
57.32
56.31
52.71
61.95
54.13
61.05
67.94
74.00
57.17
72.56
60.77
59.78
57.20
60.53
66.87
66.64
57.49
56.66
53.66
66.65
53.63
66.09
63.85
70.98
51.41
53.41
60.13
55.83
52.12
61.93
55.48
57.43
59.75
51.82
45.83
59.10
60.42
73.19
68.22
60.60
49.14
65.25
62.11
51.09
58.34
51.46
60.49
59.43
55.94
61.40
61.66
66.64
58.36
57.18
52.59
59.36
62.59
49.74
56.19
66.49
60.20
61.64
54.14
70.12
56.79
56.04
53.24
61.94
52.94
56.77
49.55
58.43
61.82
58.00
60.13
55.26
50.94
57.19
55.49
61.59
60.63
56.99
64.73
56.74
56.64
60.25
58.76
57.23
64.40
47.88
44.39
54.10
73.21
56.92
69.29
40.16
57.33
45.42
73.66
70.59
57.14
60.52
49.01
60.19
66.41
57.71
56.53
60.96
50.36
61.18
64.61
58.74
56.57
60.09
64.53
64.60
37.11
59.51
53.69
58.18
56.30
57.07
61.38
56.54
63.72
60.95
69.34
58.39
61.34
65.52
58.16
69.65
62.58
63.53
57.98
68.37
47.27
65.22
54.35
55.59
61.14
61.91
46.92
68.83
63.11
59.99
40.57
54.35
63.30
61.04
62.40
52.78
67.21
54.49
52.68
60.47
65.58
63.56
59.49
60.33
56.19
62.30
52.93
61.32
69.03
57.12
59.49
64.65
42.68
55.13
72.98
49.32
48.48
46.87
39.94
64.21
59.19
53.66
63.27
59.17
69.36
58.35
61.95
65.59
57.35
57.53
50.02
63.74
50.16
60.92
70.59
59.10
65.79
61.28
53.19
60.51
68.14
38.45
61.63
60.12
48.33
65.76
49.35
63.50
55.36
51.28
63.54
54.51
40.05
54.11
56.38
55.62
53.07
66.91
55.79
59.74
66.91
61.43
66.30
61.86
57.83
53.54
69.91
64.82
72.14
64.78
64.44
68.18
64.42
49.81
57.99
60.67
64.11
76.33
57.40
55.88
63.25
56.96
40.21
57.21
57.92
62.44
72.79
48.90
63.49
57.00
53.49
61.50
67.13
57.42
56.03
39.58
56.15
66.46
68.21
57.53
60.16
57.75
52.06
62.10
56.31
44.91
59.08
63.52
58.80
57.13
63.71
51.06
60.14
75.42
61.80
63.22
70.66
58.72
56.85
58.32
73.14
67.94
57.34
55.74
58.12
62.69
56.99
53.81
57.49
65.36
58.55
58.94
49.88
68.02
53.14
56.67
69.69
77.75
71.95
50.19
51.93
55.29
56.18
61.09
53.04
52.41
45.92
55.47
69.76
65.06
74.02
62.83
53.27
66.86
63.00
65.93
59.17
61.67
58.65
64.24
63.55
63.23
67.59
56.47
53.28
59.06
65.49
61.90
58.30
64.88
67.28
71.22
65.82
56.48
55.19
88.57
50.35
63.55
60.72
56.42
53.95
57.74
56.55
56.75
75.00
76.47
63.94
59.44
54.55
56.64
57.86
53.03
58.73
57.03
60.32
66.64
63.00
49.82
72.43
60.85
60.46
57.83
54.12
50.28
66.58
62.91
61.59
60.77
68.95
64.46
53.97
60.96
55.71
53.16
53.00
71.25
56.74
62.50
59.84
59.94
63.55
70.42
88.28
64.04
63.01
71.68
59.37
43.46
49.37
62.09
49.91
75.53
65.08
67.26
72.17
53.15
61.44
66.00
58.46
63.65
54.09
56.29
54.52
57.39
74.17
66.76
49.46
41.92
54.03
66.84
59.78
65.56
58.80
55.92
58.59
57.39
56.70
53.36
59.94
61.23
62.00
68.37
65.34
59.82
67.05
50.17
52.61
65.23
56.87
51.48
51.81
57.84
57.70
54.03
64.65
41.52
69.69
69.68
54.63
51.93
42.95
58.93
67.48
59.63
57.74
57.76
56.15
51.37
50.29
44.83
55.71
58.01
60.83
74.44
57.68
57.63
50.77
66.20
38.81
50.83
58.57
41.07
52.70
61.52
60.90
60.32
62.40
68.16
61.97
68.62
39.74
57.69
70.90
62.19
80.54
64.51
59.24
62.97
70.59
59.59
66.83
53.92
54.36
59.42
59.14
64.56
61.39
60.53
51.98
57.50
52.72
57.07
69.11
62.72
62.47
51.01
57.45
57.02
46.03
60.21
60.39
64.09
75.15
51.05
66.12
55.28
60.03
51.43
64.53
58.67
57.88
59.13
52.27
59.42
62.42
58.45
52.63
58.70
63.87
60.76
63.34
47.08
54.98
61.48
54.44
64.37
59.53
81.39
64.03
55.20
51.01
65.12
58.87
58.67
59.82
55.22
56.87
66.07
51.63
79.60
52.73
50.11
55.16
55.61
55.28
56.57
48.97
53.33
57.49
63.42
64.98
59.99
57.97
57.81
59.49
64.98
61.82
61.49
57.76
70.99
58.05
60.36
47.34
63.36
66.11
60.38
59.43
57.19
66.74
54.33
69.11
48.87
55.35
57.77
50.57
76.64
55.91
61.61
58.16
54.30
37.54
64.14
61.05
61.31
45.43
64.64
60.82
52.55
65.00
59.73
62.94
64.19
62.30
54.49
44.13
56.60
58.18
47.48
63.59
55.84
66.80
49.80
45.23
57.66
56.91
55.68
53.80
52.06
48.04
65.26
50.21
45.90
49.05
49.11
57.56
60.30
63.08
44.93
65.75
47.89
51.53
59.24
59.79
56.90
56.61
56.66
69.91
61.59
55.93
53.76
58.23
56.57
65.91
59.60
66.61
59.58
60.73
62.76
51.40
52.15
74.77
62.73
68.99
66.49
66.72
54.52
52.94
62.15
65.68
70.94
54.56
55.43
41.54
65.59
54.68
29.89
58.79
55.08
54.74
56.68
65.42
59.77
69.15
63.13
51.94
70.69
55.62
59.21
55.32
57.74
57.05
67.04
60.37
57.66
68.90
65.78
73.66
73.23
63.56
47.94
51.73
43.21
62.12
60.20
54.70
70.40
47.62
72.41
43.72
58.16
37.38
63.78
62.78
63.97
43.20
50.66
70.53
55.15
50.84
49.56
68.00
59.34
54.46
53.85
57.38
40.67
60.47
64.04
55.74
63.92
61.58
67.90
55.75
57.10
53.73
70.08
51.97
57.33
63.30
69.59
57.62
42.28
54.63
61.59
57.85
61.72
60.04
65.47
66.67
59.67
57.03
57.65
54.51
72.48
56.62
51.60
57.42
67.42
65.36
58.29
60.26
58.67
63.34
59.19
46.31
72.72
58.78
62.08
59.18
70.56
62.13
56.59
66.68
71.54
66.53
57.93
64.69
58.21
65.05
60.64
62.11
60.74
48.53
64.82
50.36
59.54
62.14
53.18
62.48
66.69
56.24
54.99
53.22
53.87
58.43
57.45
62.98
60.58
57.97
65.72
61.40
66.76
58.68
66.49
51.46
61.90
53.47
53.80
53.21
54.09
53.31
55.11
60.55
69.57
62.36
70.46
43.94
67.19
61.20
53.52
47.89
52.21
74.62
49.16
61.57
62.14
41.11
69.81
70.23
57.29
67.57
59.68
58.05
55.32
61.65
68.40
58.11
63.28
59.07
55.05
73.67
64.19
69.48
67.42
50.06
60.93
59.25
52.54
78.89
59.58
51.70
51.44
68.14
67.14
64.54
56.73
66.76
59.05
58.86
64.80
50.99
47.15
56.06
71.46
69.71
55.68
66.44
61.24
50.67
66.85
58.52
65.23
53.63
53.53
60.29
56.90
60.25
52.59
47.00
62.51
51.83
63.82
63.65
49.18
67.53
41.54
54.48
63.93
47.73
58.57
47.75
53.65
61.53
56.67
52.64
60.43
45.05
64.43
61.55
64.23
64.48
48.48
55.59
47.26
57.18
56.96
53.55
57.82
58.03
51.57
65.20
58.93
53.87
63.11
69.31
59.05
74.98
63.51
56.75
62.64
62.43
54.15
67.66
44.71
65.66
59.84
66.37
57.18
70.81
44.80
55.59
32.89
72.97
55.52
59.04
51.84
69.14
53.64
61.87
63.96
58.96
55.01
60.89
60.89
58.00
65.02
62.50
62.50
60.07
59.11
57.20
58.73
58.89
53.77
72.54
45.97
49.32
64.52
67.42
66.60
53.61
55.22
55.83
64.38
64.92
54.17
62.70
54.41
61.39
62.07
69.31
61.96
62.50
62.15
61.19
61.52
64.80
64.54
56.49
56.59
70.09
65.17
58.63
58.34
58.97
54.90
58.85
53.36
48.86
56.41
60.52
65.58
65.05
67.04
60.55
57.31
59.00
56.46
56.98
61.01
62.66
67.77
63.98
63.20
62.38
63.12
56.15
52.84
54.65
54.93
55.54
58.51
55.67
66.38
39.60
65.42
60.37
63.27
61.48
72.14
50.69
56.43
63.74
50.29
68.31
75.15
58.23
62.25
56.28
55.48
56.20
51.58
53.52
56.55
68.90
66.54
54.72
59.97
42.60
57.77
60.99
62.20
54.73
75.31
49.93
51.17
63.06
53.60
70.67
45.16
54.25
64.81
63.18
61.74
65.99
62.74
65.56
57.66
62.68
62.78
59.51
65.52
57.55
51.74
59.61
62.32
58.68
60.50
55.68
56.15
60.82
52.84
61.05
61.77
55.51
65.75
53.82
58.58
56.08
56.50
59.53
52.78
63.26
59.35
72.01
66.33
55.06
50.76
58.32
62.11
50.60
55.92
57.86
58.03
51.46
62.65
69.36
61.97
