65.97
58.42
39.20
59.09
63.80
51.73
61.16
62.24
63.35
66.09
55.58
45.42
66.31
67.33
57.88
59.42
58.76
59.99
65.81
40.84
58.85
56.02
53.67
44.56
60.07
65.63
48.68
74.82
72.99
62.32
49.19
51.59
60.13
58.35
64.10
61.66
55.61
57.41
58.65
55.64
52.16
54.09
66.35
57.19
51.25
58.82
44.41
54.04
64.69
57.60
70.21
50.79
56.45
47.30
59.29
57.78
60.62
64.78
48.01
62.03
62.53
52.04
57.48
61.08
51.97
54.66
55.56
64.00
66.46
52.93
58.45
35.15
49.21
60.72
52.27
45.00
58.38
59.19
52.11
63.04
60.21
72.56
52.69
57.96
54.47
67.47
61.15
55.60
60.85
52.66
46.08
59.37
56.08
60.97
59.57
67.26
63.30
56.43
50.68
66.59
55.55
57.67
56.95
56.37
55.30
55.89
53.19
60.51
61.02
54.14
64.01
60.63
56.10
64.31
74.36
60.36
56.34
57.90
59.82
62.29
51.06
57.94
54.21
63.32
62.11
59.37
64.34
50.23
57.33
56.11
66.33
57.64
57.87
53.09
71.12
61.95
69.74
58.63
64.63
46.82
66.29
55.33
58.43
61.38
77.92
56.20
56.09
62.78
54.96
57.80
44.91
43.46
67.49
51.64
58.73
63.61
61.87
38.02
64.37
66.32
58.70
55.58
60.12
48.94
47.05
64.75
56.82
65.13
52.80
64.67
52.06
68.04
53.10
58.04
45.54
52.75
55.95
32.95
51.69
47.97
56.44
54.90
65.81
57.98
72.46
64.92
57.16
54.46
65.52
62.38
53.68
57.81
62.42
55.22
61.83
57.15
70.45
73.10
59.29
59.40
60.82
53.97
58.62
47.80
53.34
56.61
49.69
58.89
72.01
55.95
58.01
59.38
56.12
70.43
61.64
59.09
58.92
45.13
76.62
39.21
59.39
42.36
58.93
59.76
66.00
63.41
61.30
57.24
50.99
53.80
57.64
71.73
66.48
67.66
60.80
62.33
56.20
64.71
55.40
60.98
64.69
58.56
52.87
58.25
56.87
56.65
59.88
39.49
66.30
70.26
56.66
57.34
61.72
43.80
66.64
56.70
68.02
62.39
70.05
55.26
45.37
60.99
67.11
64.16
55.79
62.07
67.42
68.92
59.20
57.90
60.03
50.16
67.74
57.87
66.36
68.79
55.57
59.30
57.97
65.02
55.10
57.60
65.49
66.42
50.86
63.12
69.86
67.86
56.18
69.05
54.02
62.45
53.47
60.12
61.33
42.22
40.42
55.24
56.99
66.92
59.39
54.84
48.50
48.03
55.54
55.84
62.44
56.91
59.07
59.42
59.48
64.41
65.59
62.57
71.70
62.77
64.88
52.57
58.30
61.39
63.01
58.20
60.87
56.63
53.94
54.71
67.17
72.20
47.25
52.49
56.71
50.39
58.08
58.42
74.16
46.15
61.84
47.64
53.25
58.65
56.87
51.12
48.98
57.61
51.62
54.69
55.18
62.73
54.11
58.49
40.71
46.15
55.83
71.04
49.13
67.16
58.00
46.85
63.58
59.95
56.93
62.18
51.10
54.34
40.08
68.86
62.97
58.81
55.46
59.33
50.19
56.91
54.37
56.72
59.88
69.26
63.87
60.59
54.90
47.38
62.76
55.18
49.40
43.87
52.60
59.81
54.91
49.08
70.02
56.64
62.22
54.45
59.64
55.59
41.80
56.32
45.40
53.12
54.60
61.54
55.96
61.81
55.99
64.77
43.60
67.69
62.05
45.63
66.85
58.72
61.76
53.48
52.45
50.20
41.95
54.82
57.51
65.16
54.13
73.83
47.10
63.46
59.02
59.62
52.56
56.75
48.83
47.24
44.41
60.75
65.16
58.46
62.34
43.33
61.94
56.80
53.02
60.96
55.61
45.05
54.95
39.14
59.03
67.42
58.79
63.14
52.49
63.39
47.45
56.53
56.69
61.23
59.10
62.02
66.55
64.17
57.01
58.66
55.91
65.17
32.24
59.52
56.25
60.26
60.89
57.68
60.28
45.61
56.64
56.59
44.87
72.98
71.76
65.40
60.74
76.54
52.31
69.90
59.44
54.05
60.71
68.64
62.39
60.89
61.19
60.15
56.57
60.20
53.98
55.40
64.84
57.85
57.22
62.64
68.04
56.90
54.31
65.22
63.67
59.71
51.88
61.05
70.30
58.37
62.23
54.46
58.86
58.71
63.49
60.90
64.85
47.44
60.87
55.82
55.26
59.76
68.10
65.78
59.59
58.60
66.62
55.12
64.82
57.44
59.97
45.02
55.22
64.20
72.45
51.24
60.02
56.22
53.23
65.53
60.74
47.61
61.34
45.60
62.93
57.32
54.53
64.96
57.90
59.38
67.92
51.16
58.60
72.86
63.76
58.63
58.13
48.32
61.54
46.47
59.22
48.94
49.81
54.72
58.51
65.78
52.12
60.85
75.77
53.99
48.13
63.86
62.75
60.93
69.54
59.26
48.36
66.64
54.85
57.30
61.13
51.38
55.78
59.10
54.46
69.28
56.56
58.14
55.06
52.38
75.48
61.83
66.71
63.50
51.89
53.65
56.72
60.18
56.27
55.09
56.27
54.26
61.77
73.85
61.05
40.41
51.90
59.41
54.79
57.06
65.65
66.57
51.88
57.51
69.13
55.69
53.90
58.27
49.82
68.12
56.21
62.20
63.02
65.17
59.83
62.61
47.53
51.69
56.04
58.19
60.62
44.65
68.07
62.26
58.59
57.90
52.01
38.07
52.87
57.15
54.59
52.44
59.83
43.05
60.10
64.23
54.62
50.30
54.52
62.61
55.39
55.65
46.72
51.52
51.18
65.89
52.40
49.90
62.46
68.49
59.80
57.62
63.22
66.94
62.62
71.37
51.76
50.52
59.08
71.05
64.26
71.52
68.18
59.59
65.31
55.85
66.46
66.00
55.96
53.76
60.79
61.54
70.24
71.96
46.94
60.69
51.78
64.01
56.42
54.42
51.06
50.59
57.36
70.61
61.24
56.97
54.18
66.44
61.47
74.47
57.55
77.12
58.11
54.10
56.99
38.66
74.30
60.11
56.89
58.77
58.64
61.69
55.64
40.67
50.29
65.87
59.00
47.82
55.51
61.18
53.75
55.68
59.73
72.14
70.73
56.88
54.53
55.86
61.89
52.37
60.12
51.02
56.74
58.39
58.10
57.85
65.93
70.87
52.68
55.70
54.09
61.17
43.48
64.43
62.27
63.40
48.39
82.07
63.88
52.68
69.35
53.03
62.99
64.22
50.38
53.25
62.91
66.35
54.60
57.76
59.38
55.96
69.63
59.75
80.46
67.99
56.60
53.19
65.32
50.26
72.02
56.70
44.52
71.19
53.25
61.81
77.21
71.44
55.64
64.03
58.56
74.88
54.90
62.34
42.17
66.39
52.65
55.03
62.48
62.31
36.46
54.19
54.36
58.23
55.24
70.31
62.48
66.13
54.86
63.39
62.44
59.52
64.82
39.16
53.11
46.90
49.14
65.70
55.02
57.54
57.23
59.29
59.66
53.12
46.19
50.32
67.92
46.95
61.18
60.11
58.37
69.67
59.65
57.35
59.58
69.05
54.91
69.41
65.73
56.25
68.15
60.27
63.98
38.19
63.48
50.27
49.56
66.80
59.91
74.36
63.31
49.20
52.31
43.04
57.47
47.59
59.71
57.29
62.24
68.22
66.33
57.17
58.14
59.96
71.69
59.32
58.33
67.55
38.56
67.78
53.08
52.68
58.85
56.01
60.90
57.54
64.30
51.24
52.85
56.28
60.14
59.08
56.84
53.08
65.38
57.29
67.02
62.65
37.46
66.26
38.06
57.35
43.79
62.44
46.90
61.78
57.61
66.99
57.41
55.57
69.98
57.01
51.05
58.38
62.78
38.36
58.75
56.94
47.43
63.00
63.40
62.25
41.11
52.92
52.84
49.12
57.90
52.33
62.51
56.59
51.49
47.57
51.28
61.70
62.88
60.08
50.83
65.06
56.80
55.35
70.18
58.28
71.83
58.28
72.16
54.35
58.42
53.05
60.92
56.53
76.92
72.67
43.34
61.33
60.77
59.75
56.93
54.66
55.96
57.76
68.12
54.76
64.77
60.12
62.31
50.90
61.70
54.66
49.62
53.14
49.44
54.86
53.46
57.56
58.21
59.84
51.26
55.59
53.02
66.91
81.65
48.27
50.98
56.04
60.67
51.15
64.92
46.01
50.79
51.03
56.52
57.96
61.72
72.23
59.42
54.50
60.20
34.70
63.12
64.56
62.88
58.50
57.82
55.01
60.78
50.74
68.71
60.27
64.73
60.56
63.34
50.39
54.24
72.82
56.56
68.51
57.02
61.91
61.15
67.97
70.91
50.14
52.93
58.14
55.99
63.38
55.62
63.73
61.01
63.89
46.69
49.03
57.16
60.51
69.15
60.62
67.18
45.60
64.26
55.93
74.03
68.62
56.12
63.09
63.40
61.53
51.87
45.53
57.43
53.47
59.65
51.14
51.02
58.31
55.64
68.45
58.65
54.97
61.63
55.75
59.52
48.98
47.58
61.68
63.93
56.57
58.99
57.06
60.69
60.28
56.50
55.15
48.51
53.30
53.92
65.13
41.69
55.17
59.18
56.40
48.84
62.03
69.08
52.60
64.76
58.78
56.11
49.63
64.88
58.95
69.85
42.59
53.09
50.23
58.35
51.24
42.75
59.37
55.60
60.21
53.90
61.21
55.52
62.87
55.38
60.48
35.33
56.19
40.91
59.73
54.36
57.81
36.00
67.99
57.35
59.32
68.40
45.82
63.34
49.89
61.81
54.31
63.72
66.25
52.62
60.57
58.40
68.49
52.58
60.97
45.10
51.10
44.17
66.12
64.12
58.46
50.08
67.84
69.85
54.25
64.86
56.50
53.59
64.80
62.32
54.65
45.56
61.28
58.94
56.79
57.72
57.84
53.48
53.19
59.86
53.40
50.86
61.15
50.50
50.21
45.53
54.36
64.68
62.23
52.54
65.07
68.88
60.59
55.33
57.39
56.33
60.02
60.78
55.58
56.26
64.56
59.46
50.99
50.84
59.55
51.04
67.99
59.74
47.85
61.43
60.61
54.56
46.76
61.90
56.48
64.52
54.46
73.74
49.85
64.87
62.10
58.43
60.44
64.99
57.45
65.35
71.64
61.10
57.20
31.98
66.94
61.86
61.17
55.93
60.11
55.44
58.99
53.86
55.66
74.96
64.25
53.87
36.23
55.17
54.03
52.20
59.81
60.36
60.38
47.79
62.64
63.73
66.59
55.99
44.11
52.94
55.02
60.43
54.92
58.52
61.68
62.75
54.62
51.54
56.86
54.47
57.78
58.19
57.77
53.29
63.28
56.52
53.14
58.71
56.17
61.76
64.57
61.54
55.84
62.54
58.26
52.00
60.64
53.69
57.92
49.44
42.07
51.19
54.22
65.60
68.83
89.19
56.80
47.46
51.95
48.31
58.94
54.35
63.69
62.52
57.39
63.77
62.06
52.59
57.25
56.94
51.28
55.95
61.43
55.69
51.00
52.02
61.92
53.43
53.06
61.70
62.31
53.67
63.35
60.40
64.62
59.06
52.76
58.83
50.67
64.54
59.03
64.31
40.80
45.01
60.27
56.42
63.49
57.58
67.78
69.98
61.11
54.79
60.80
54.54
65.98
64.72
55.51
47.70
54.86
62.41
57.69
68.96
61.25
58.25
69.07
55.42
70.26
57.28
52.69
57.71
57.02
64.98
31.51
66.87
54.66
39.33
62.20
54.25
45.95
59.86
57.17
72.25
55.61
56.48
55.03
56.34
53.48
59.03
56.43
80.60
52.69
58.10
57.79
58.37
61.18
60.97
60.54
55.21
61.42
55.25
64.41
59.46
53.35
63.51
41.84
56.24
61.86
60.44
51.51
73.38
65.74
61.59
63.11
69.99
68.93
50.58
39.29
66.62
54.62
58.38
67.96
57.42
59.50
53.64
63.67
57.05
60.59
58.38
51.46
67.06
58.85
79.27
64.84
61.28
63.12
52.07
60.23
67.06
62.18
44.02
55.70
60.64
52.82
58.94
53.08
60.81
72.21
41.23
52.19
55.42
56.02
56.95
57.54
57.70
72.18
48.37
60.23
57.67
57.43
59.13
52.07
59.00
51.54
54.64
59.23
53.86
64.77
62.45
65.99
68.88
42.95
63.79
60.17
44.71
52.04
64.89
46.25
52.47
68.33
65.59
58.47
58.16
62.86
49.18
37.88
59.03
56.81
61.80
58.72
59.66
59.13
64.89
59.57
56.21
57.94
59.25
60.75
57.65
66.67
56.00
62.75
56.30
71.28
60.53
65.31
51.68
62.27
56.48
66.09
55.58
55.02
64.01
53.77
49.61
62.69
54.07
61.83
58.17
64.06
60.60
56.75
57.12
41.93
58.96
51.91
52.25
60.72
55.97
52.29
65.79
65.31
62.13
45.90
59.00
67.08
65.60
72.27
65.43
42.28
74.00
64.50
60.82
67.27
62.46
53.33
69.62
68.34
53.21
67.47
59.32
56.37
60.69
67.85
58.34
60.38
67.46
56.90
61.41
61.16
59.78
61.35
53.40
58.34
63.20
56.66
54.51
57.25
60.69
59.65
64.24
54.90
62.05
52.45
69.04
57.94
57.85
62.81
60.80
61.06
50.61
67.41
55.31
58.28
62.93
65.51
51.11
44.20
55.76
51.06
56.14
64.88
62.35
58.98
55.00
60.41
63.95
52.90
85.36
53.15
53.32
53.02
49.49
70.07
52.37
57.13
57.49
60.58
66.53
52.65
51.37
54.99
59.88
52.03
50.26
44.65
55.71
55.46
55.13
83.15
52.17
59.41
46.36
55.30
59.41
77.08
61.80
54.08
58.12
56.56
58.99
56.48
57.71
54.90
54.21
60.71
61.99
57.16
39.87
58.03
58.16
45.43
59.41
51.60
55.91
55.27
50.80
57.58
59.39
69.80
67.58
75.75
58.96
63.43
57.45
61.03
55.69
60.61
51.63
52.97
59.38
56.67
53.44
67.98
57.14
38.82
54.63
54.17
62.63
58.51
60.28
63.60
48.21
50.51
63.90
54.61
50.95
56.16
63.35
56.24
65.09
53.79
66.64
52.52
57.62
57.91
53.49
44.96
61.04
63.22
57.08
47.90
64.17
58.26
59.22
59.83
59.28
57.67
76.74
59.11
50.79
60.82
64.92
75.64
56.90
64.94
59.58
53.47
61.39
69.24
56.48
63.58
61.32
47.97
65.35
51.06
59.27
60.52
45.29
59.44
62.11
56.64
58.78
60.16
64.79
59.90
53.91
47.29
59.86
55.74
62.93
61.87
73.44
58.61
55.86
66.51
56.46
60.52
60.47
54.61
64.86
44.83
54.96
59.43
51.66
57.64
63.95
59.39
64.49
52.20
58.97
55.65
55.61
51.34
55.73
54.42
47.72
61.46
50.49
74.42
56.30
50.36
53.99
57.95
65.88
58.88
58.97
57.27
64.27
57.14
54.88
65.84
47.37
53.81
56.92
63.74
62.18
59.18
55.52
59.24
64.39
56.04
65.29
51.75
66.44
51.89
36.53
60.97
55.26
54.53
58.52
62.18
62.14
40.47
61.56
63.42
57.75
59.09
47.24
62.12
62.78
64.42
43.04
59.52
57.58
60.81
57.67
63.08
54.89
64.39
57.58
72.95
54.76
54.87
54.32
41.67
51.45
56.24
50.94
61.99
44.10
69.08
58.22
48.48
51.40
63.90
56.01
55.63
41.17
59.47
58.32
58.10
59.29
62.77
57.93
56.27
45.79
57.64
47.69
68.40
30.62
60.37
51.01
54.22
51.42
65.84
69.03
69.36
58.70
56.88
59.57
56.78
55.36
67.27
63.17
69.19
61.56
63.10
60.46
61.60
55.21
62.98
52.80
60.30
77.47
56.36
61.73
59.93
56.69
50.92
67.24
34.06
72.42
59.45
56.68
60.74
58.29
58.20
56.62
66.59
53.00
44.10
60.52
51.42
62.67
57.87
62.32
53.67
67.16
65.31
64.56
52.27
62.79
55.22
56.58
53.60
85.70
57.28
55.64
61.04
58.31
57.12
73.68
57.50
54.90
55.17
49.90
54.90
55.55
62.17
56.95
55.60
63.86
50.00
62.17
53.56
63.22
59.63
67.12
57.85
64.73
65.51
68.32
65.34
65.72
64.91
54.82
59.04
63.53
45.71
50.99
64.91
54.51
80.10
58.34
68.81
62.33
68.65
68.29
50.69
63.17
58.88
76.41
55.98
48.72
64.92
63.98
47.95
48.45
69.44
47.50
52.13
54.15
53.91
62.76
55.20
58.04
63.15
55.02
52.31
65.95
56.42
60.53
51.43
53.35
59.45
64.73
60.08
52.98
52.08
71.60
60.50
66.02
59.68
53.02
58.82
61.55
56.52
55.17
56.34
71.51
59.36
39.83
59.90
70.38
53.94
63.83
61.51
57.30
57.54
52.01
55.00
58.44
71.17
45.00
50.70
63.18
55.10
57.50
48.81
47.97
61.00
55.69
59.28
55.04
71.97
65.81
63.51
54.30
54.33
60.91
60.70
66.69
53.47
47.80
54.41
59.35
59.89
58.06
55.06
55.33
70.28
57.70
59.43
65.75
64.83
59.20
63.26
51.12
57.45
45.15
52.88
56.85
59.67
53.25
66.66
56.68
59.97
61.72
55.35
62.26
49.10
51.02
52.59
65.22
57.31
53.89
58.79
60.30
62.15
58.50
52.74
59.95
58.72
61.67
46.18
58.21
56.15
47.31
53.20
54.75
60.09
62.42
66.29
64.88
58.17
67.89
55.42
51.16
59.61
57.26
54.21
68.19
62.28
52.16
55.10
62.01
59.40
45.24
60.68
66.65
58.80
68.43
57.83
64.82
58.24
39.73
57.69
56.83
60.28
57.98
60.32
62.38
58.38
59.16
46.74
46.20
51.82
64.07
67.30
66.44
58.84
53.46
54.47
65.01
64.91
54.93
56.67
66.57
59.97
60.45
55.42
59.92
53.96
57.32
56.94
58.93
63.03
59.26
58.76
51.11
62.55
58.93
55.14
67.37
54.55
65.30
48.09
66.79
32.95
51.67
60.46
55.50
57.23
60.18
49.09
56.89
53.76
56.32
61.09
60.72
53.98
52.62
59.00
45.08
57.51
60.35
56.13
68.57
56.77
58.50
41.60
37.88
53.46
47.48
55.52
52.29
53.36
54.11
54.09
62.49
44.78
50.04
72.88
63.41
57.07
65.34
54.53
76.46
64.74
55.36
63.24
71.34
54.05
54.97
47.62
52.33
71.79
59.04
42.67
53.62
60.42
58.52
55.61
52.68
47.74
67.18
48.38
45.01
59.27
66.09
62.18
35.84
56.33
60.64
51.39
65.83
54.49
39.58
65.54
66.35
67.22
61.89
34.37
65.51
49.30
67.92
63.95
46.35
65.64
58.19
46.52
63.01
53.41
43.13
55.24
55.00
55.30
41.87
53.42
62.32
64.67
54.45
61.12
57.83
58.80
40.98
68.02
60.27
58.96
58.36
59.95
55.15
75.30
73.50
62.59
54.50
53.31
58.31
59.41
55.26
64.06
65.05
49.49
62.74
62.24
60.54
56.88
61.13
67.99
35.77
56.74
58.85
67.06
64.90
61.69
57.13
50.92
56.59
75.43
53.97
53.95
63.41
63.81
66.42
73.93
51.31
60.89
68.38
56.94
50.79
59.29
63.10
58.10
52.71
52.65
58.18
52.18
51.76
58.31
54.29
77.32
50.28
70.63
61.08
62.30
69.91
84.98
63.24
55.89
48.76
63.60
54.13
53.44
52.20
48.96
60.78
56.12
62.10
65.74
58.31
51.84
55.59
39.87
70.11
56.59
68.34
49.88
70.91
57.63
68.39
59.02
52.44
61.46
69.40
73.26
68.23
52.85
81.55
47.15
56.19
52.24
54.67
63.83
55.48
61.81
69.44
51.62
66.74
60.54
65.31
67.92
60.95
59.76
59.18
63.96
64.13
62.10
52.82
70.83
57.20
49.29
56.41
62.76
42.23
55.19
51.92
40.32
60.50
57.39
54.84
58.20
63.76
44.21
57.47
56.47
56.33
55.97
53.40
50.60
58.72
53.52
84.11
57.17
61.86
57.21
58.39
63.19
48.92
56.28
59.39
56.55
47.85
55.27
54.28
65.68
61.08
64.09
72.77
47.63
54.40
43.06
59.85
55.85
60.55
60.01
67.78
50.09
67.49
52.47
57.39
57.64
65.61
51.86
66.93
55.86
42.26
57.63
60.05
55.34
62.24
57.17
54.58
57.59
63.24
52.72
58.16
53.43
56.16
58.00
62.17
58.83
66.26
54.64
58.30
53.38
60.18
59.21
62.39
59.70
63.69
64.78
66.14
51.36
56.86
57.64
52.60
52.94
59.24
53.45
45.89
49.44
35.89
59.07
63.72
57.13
61.39
63.99
58.26
58.42
57.47
68.98
47.22
51.86
62.09
62.01
56.77
53.62
68.93
50.28
59.46
73.58
67.28
53.50
60.06
64.87
64.57
52.16
60.26
67.02
68.62
61.87
64.81
58.27
56.11
51.61
62.87
54.22
61.78
59.34
55.32
54.48
54.79
55.44
66.41
56.29
58.72
63.13
63.36
44.58
50.73
55.69
58.62
60.35
55.11
63.47
61.83
54.20
73.03
49.44
49.74
59.58
55.07
61.02
58.40
64.54
52.16
57.05
69.90
78.21
46.63
52.16
57.36
56.14
58.47
54.31
56.46
59.66
76.83
57.55
57.88
65.71
57.37
63.22
71.04
62.30
53.76
62.79
59.22
65.43
67.31
57.15
56.13
62.67
53.28
62.46
66.90
58.17
63.15
56.68
59.38
53.62
54.72
46.49
52.91
52.06
58.85
77.56
64.10
33.27
61.76
57.79
65.72
63.03
61.59
57.25
62.69
67.54
50.77
48.71
65.07
59.14
60.54
56.74
60.58
69.86
41.27
66.97
60.13
60.90
55.73
62.00
51.62
66.90
55.59
57.22
45.16
44.78
65.87
52.74
61.26
59.58
60.90
61.03
49.11
39.08
53.81
46.50
44.44
65.56
47.84
59.53
57.72
49.65
66.58
64.30
57.12
54.57
61.51
59.84
56.02
61.53
46.70
58.67
67.26
71.94
58.22
55.20
59.84
60.19
62.88
61.32
55.93
62.25
59.04
50.46
58.49
61.33
60.63
61.82
56.18
51.58
66.13
56.85
45.92
65.22
64.33
62.14
51.47
52.81
57.02
64.25
58.36
55.27
64.34
46.37
62.27
45.01
53.34
61.66
60.10
49.97
57.05
56.58
65.60
51.33
49.69
57.16
62.28
66.45
81.70
63.24
60.09
50.74
48.45
62.87
63.34
54.38
54.23
44.62
50.86
38.48
48.59
58.44
53.92
51.91
50.97
57.67
59.02
62.21
53.23
68.06
48.79
59.75
37.19
51.82
52.51
58.31
61.47
59.39
54.89
59.90
56.10
60.44
44.04
56.19
61.06
60.57
60.04
65.57
62.62
60.99
66.77
55.99
58.15
63.10
61.04
50.03
63.33
58.42
58.75
55.56
52.72
54.75
59.41
50.56
51.58
59.99
59.79
55.68
68.70
48.74
54.25
48.92
53.26
62.04
64.74
60.41
57.41
65.19
55.90
60.87
54.54
61.09
58.40
70.78
61.45
45.47
64.51
57.93
51.22
57.44
61.81
55.30
61.30
61.63
73.81
60.82
52.33
42.69
58.22
68.45
63.09
62.81
55.88
52.94
63.41
64.97
56.61
60.72
60.57
74.51
50.04
66.41
56.54
56.24
61.33
57.88
63.84
51.42
57.31
38.87
65.05
75.60
67.22
55.18
57.85
65.38
64.51
53.47
53.09
45.74
57.62
48.55
51.50
33.57
55.72
65.99
44.72
62.89
61.05
52.01
53.18
55.77
51.17
66.17
53.65
43.63
48.06
68.07
52.98
62.19
55.53
45.08
57.18
51.48
62.96
69.54
58.01
63.85
57.74
54.50
61.70
74.36
57.55
64.00
68.83
53.31
58.04
64.08
57.95
66.03
59.03
66.87
74.50
56.80
52.11
57.45
55.94
56.45
63.71
62.95
73.15
57.54
54.50
50.86
66.20
47.20
56.00
59.70
54.01
55.29
56.89
53.34
52.65
63.52
71.55
73.91
60.17
63.38
51.71
46.27
57.90
66.49
60.72
62.52
67.68
53.99
55.07
61.65
63.96
72.53
68.27
65.11
61.07
69.32
52.59
64.24
54.71
51.27
48.39
66.36
62.19
54.56
67.97
62.86
62.25
70.98
56.37
51.54
63.09
59.87
63.26
58.30
63.94
54.89
56.66
57.93
69.80
68.76
51.43
57.77
58.36
53.51
57.04
64.74
58.55
61.09
55.41
61.47
58.04
45.74
61.03
59.42
65.06
62.20
54.00
55.56
59.01
63.12
57.65
61.24
72.09
72.11
61.91
55.94
60.67
58.47
59.37
55.49
55.01
68.83
63.90
57.83
48.66
58.84
70.88
62.73
58.47
66.88
58.43
70.02
70.11
63.25
47.01
60.31
60.46
69.02
73.63
67.05
63.65
58.72
55.29
57.55
53.67
74.09
54.59
59.19
69.72
74.88
38.96
53.00
65.13
57.75
63.82
48.89
66.35
56.27
54.31
53.79
56.48
63.98
62.51
61.49
54.92
39.67
53.83
49.39
45.46
48.11
58.06
52.40
53.73
53.58
63.09
51.74
53.19
64.83
58.09
64.93
63.76
55.83
67.40
55.20
60.86
59.32
57.44
52.31
59.89
53.25
52.93
61.31
59.29
65.71
59.79
60.13
49.70
58.82
56.51
52.87
52.09
57.74
59.63
59.23
63.06
60.50
60.18
64.31
67.95
53.60
58.81
48.83
48.18
44.60
51.78
69.72
67.81
61.32
66.07
60.18
61.75
61.14
58.45
66.79
50.84
55.82
68.25
50.33
53.81
56.20
58.54
58.62
61.28
58.65
54.00
54.31
61.29
56.75
56.25
64.69
52.57
58.82
71.37
54.72
55.61
62.20
60.83
55.57
56.97
57.53
54.21
72.15
47.38
52.11
54.15
69.32
54.62
53.64
44.62
64.03
51.30
62.53
56.20
55.76
49.79
60.81
67.08
56.40
56.33
66.64
50.92
52.85
65.59
55.90
73.07
54.26
55.06
72.78
64.66
60.95
56.03
55.46
52.22
49.16
51.58
66.77
60.72
52.98
54.87
51.80
72.24
66.53
55.28
60.90
61.84
55.02
44.63
34.40
51.16
59.49
55.37
66.00
74.77
49.40
53.87
51.66
49.72
62.78
72.33
65.03
65.24
61.01
59.60
72.57
57.09
46.03
66.34
58.31
60.50
71.54
63.85
52.27
66.38
60.92
62.21
53.04
56.06
53.01
66.31
60.94
63.10
55.74
48.25
73.23
66.98
56.44
56.63
54.39
52.59
65.09
58.74
67.04
57.85
68.66
68.73
63.96
50.03
57.32
57.05
67.45
71.73
53.03
64.58
56.53
60.36
58.98
65.92
59.72
67.51
68.89
56.44
54.48
57.86
55.39
58.43
65.83
61.61
54.65
63.10
51.17
62.86
54.25
43.78
54.01
60.04
73.24
55.91
73.84
70.15
64.83
41.91
57.00
59.96
84.91
56.18
55.77
55.40
58.27
60.17
55.03
57.85
60.71
66.83
60.56
61.67
57.86
32.90
62.54
56.43
50.04
60.38
57.82
52.89
61.32
61.93
58.26
55.16
55.72
66.67
59.94
58.90
59.05
47.36
51.58
52.46
64.00
61.35
59.54
59.60
50.42
58.56
66.69
54.19
40.91
34.86
56.05
66.51
54.82
58.95
56.86
64.98
59.86
51.82
62.08
53.73
50.83
52.51
47.16
38.02
61.52
53.07
62.66
56.84
61.29
62.14
70.84
50.37
60.85
71.33
72.91
44.38
44.49
59.00
57.50
56.87
62.82
53.71
43.60
61.62
36.16
71.92
62.56
54.42
51.95
65.64
61.07
50.56
52.20
45.72
43.42
59.09
56.40
36.62
56.47
62.94
59.15
69.94
55.53
57.86
63.04
67.59
66.65
51.64
49.88
58.58
68.89
52.95
73.81
57.13
62.96
65.54
68.00
68.23
58.32
54.19
47.21
62.28
53.49
53.98
60.47
65.43
56.57
39.05
40.38
60.90
63.67
60.94
53.80
62.37
59.04
60.85
46.08
59.29
64.25
54.65
61.98
49.11
51.07
66.83
60.54
55.17
53.92
59.87
49.84
58.93
47.36
58.24
57.05
51.15
61.88
54.96
64.96
60.23
58.42
53.91
48.24
58.08
60.22
60.62
68.97
50.05
59.20
54.17
60.59
57.92
59.55
56.81
52.03
67.14
64.59
48.65
55.81
56.63
63.18
57.84
61.05
61.64
58.87
52.58
64.65
52.90
57.03
48.97
59.58
62.60
63.33
51.43
57.12
65.13
69.98
62.46
60.67
54.67
49.12
57.93
71.10
48.48
61.28
57.50
60.10
53.71
61.81
54.34
59.73
68.59
56.91
60.12
63.37
51.66
48.61
41.27
46.08
53.28
65.22
54.23
61.22
53.99
58.32
55.35
62.59
54.76
64.07
39.72
47.59
60.95
54.74
58.70
52.09
66.74
53.76
53.11
57.66
59.60
66.03
62.39
60.44
62.22
67.14
56.81
49.60
51.88
62.15
54.19
51.09
42.42
61.87
53.33
62.71
59.79
51.32
64.10
71.84
67.05
61.72
78.99
48.63
56.49
72.16
47.98
60.28
71.82
62.62
66.08
64.70
69.92
57.02
56.71
50.22
60.13
52.85
74.97
60.18
57.57
44.34
43.84
58.02
63.23
62.46
59.66
59.95
67.85
57.71
62.99
55.51
60.14
54.47
72.07
36.43
56.55
55.34
71.30
53.10
67.51
48.99
46.34
62.96
60.00
55.02
57.63
63.39
59.21
57.51
72.29
60.81
79.37
76.74
51.73
35.13
62.29
57.26
47.50
46.94
61.23
55.92
58.33
74.24
61.13
61.62
59.65
57.89
53.89
54.97
56.24
58.94
63.37
62.04
57.15
62.86
58.29
52.00
47.85
57.27
59.59
49.59
71.47
52.42
56.13
61.87
54.23
55.86
68.12
53.18
61.99
53.48
65.60
54.46
70.35
59.27
47.60
69.02
54.34
39.88
50.00
70.20
54.67
67.73
57.30
61.98
49.83
55.13
61.56
49.75
65.28
58.69
77.11
59.81
59.81
62.47
53.43
55.83
68.57
68.36
46.06
61.73
57.88
62.79
65.49
56.89
48.04
74.92
57.84
51.31
58.15
63.01
64.43
66.23
54.55
57.37
55.13
60.62
59.58
59.90
59.53
54.25
61.05
54.34
64.02
51.00
67.00
55.11
67.73
55.96
53.70
55.81
62.44
60.69
48.66
67.45
64.69
58.39
61.18
55.41
72.11
63.93
54.38
58.87
59.06
58.11
53.99
55.24
53.81
62.59
62.22
52.50
53.68
67.75
63.50
65.19
67.87
72.13
57.44
55.56
61.53
53.09
61.16
55.37
65.38
44.33
60.04
56.64
50.75
60.00
60.11
65.17
63.92
61.35
51.44
60.53
58.50
68.43
50.60
60.63
56.67
60.13
54.15
60.65
60.88
46.90
63.88
54.35
51.04
67.18
60.40
68.18
62.21
46.58
64.46
54.72
45.96
64.65
51.24
65.44
63.21
59.34
57.38
59.29
72.07
56.55
62.71
61.84
71.15
56.93
51.01
57.92
57.20
60.62
57.31
64.00
57.34
69.63
63.22
61.94
58.52
61.70
50.97
56.68
56.51
55.92
59.33
52.41
52.45
62.10
50.08
44.66
74.71
68.52
64.40
57.79
61.72
54.71
62.86
57.56
53.40
63.04
67.36
55.84
61.64
55.08
35.05
75.86
53.78
62.32
63.72
54.08
47.65
52.07
61.67
61.59
63.88
59.44
58.36
56.57
45.44
66.84
48.24
62.88
53.70
60.65
48.68
36.75
62.82
54.14
51.29
58.13
33.22
64.43
41.50
52.18
58.09
58.57
56.42
58.97
54.92
51.49
71.83
50.99
51.76
64.22
60.67
57.45
53.61
63.38
55.79
60.23
55.35
57.95
60.41
57.58
56.73
65.57
56.98
61.64
66.58
62.32
57.31
57.69
46.12
56.62
66.40
49.83
51.85
63.87
52.05
58.86
59.94
54.80
55.52
67.97
59.66
47.03
76.52
57.80
54.79
54.38
51.32
70.37
55.26
65.73
68.04
54.60
55.32
58.78
51.90
54.40
59.71
64.67
48.98
59.57
53.13
49.15
41.45
59.60
59.68
71.89
49.13
63.42
56.04
53.37
56.89
65.27
33.16
63.93
64.78
58.02
53.85
71.60
59.33
67.75
58.10
56.84
57.00
65.44
63.40
64.66
49.08
62.63
63.27
57.63
57.62
54.70
58.20
54.16
57.13
49.83
69.65
59.60
78.31
82.85
53.62
74.40
52.66
59.48
47.94
66.73
56.21
60.19
42.89
72.28
33.11
42.89
70.25
44.85
50.82
39.66
64.27
53.58
62.92
59.29
65.66
52.35
71.41
61.74
51.25
55.32
62.45
76.06
40.41
65.50
52.50
55.66
56.80
50.92
52.20
50.35
44.17
64.44
36.97
67.22
67.19
57.31
57.25
54.28
60.36
69.90
47.89
56.75
52.32
46.39
48.01
56.23
55.93
58.57
54.40
51.54
65.64
65.79
54.09
57.24
49.04
65.29
63.75
40.00
57.90
81.01
63.48
63.85
64.64
58.30
58.77
59.24
74.32
54.99
57.14
45.07
58.81
56.37
72.59
44.25
60.84
55.78
42.46
54.41
60.85
43.01
55.41
54.98
58.77
47.86
54.00
66.95
66.41
47.56
59.79
47.80
68.12
68.33
60.53
70.07
58.80
65.71
55.97
57.66
54.00
53.50
53.27
59.91
60.60
57.53
66.30
65.88
57.77
48.87
56.83
65.78
60.40
56.51
57.49
74.52
57.99
64.09
61.77
60.43
56.45
59.25
65.94
61.18
52.30
60.50
53.36
49.41
51.15
52.13
43.95
75.94
60.49
54.43
40.51
66.67
63.92
59.17
59.65
61.32
46.26
57.79
63.04
48.48
44.28
50.73
52.74
47.10
53.71
52.06
58.85
54.69
59.44
54.70
59.21
63.74
65.35
63.23
67.32
62.32
62.67
47.20
56.97
57.11
55.81
48.04
55.99
53.69
57.36
45.58
57.10
61.97
53.39
61.93
58.24
56.36
46.28
56.24
54.69
59.61
54.04
51.21
55.36
55.52
54.21
34.72
69.91
55.46
41.42
53.86
53.24
59.42
57.95
52.18
49.59
76.02
54.91
53.95
55.40
59.03
52.00
42.86
65.49
59.26
53.39
54.01
55.68
50.42
64.79
61.81
54.46
72.00
54.47
59.59
49.20
51.64
54.95
58.55
42.79
58.10
58.78
64.27
59.05
52.97
52.35
60.34
37.78
69.75
65.72
55.01
52.12
53.01
62.44
55.58
61.85
59.58
54.54
56.57
58.42
59.47
71.67
35.66
68.44
64.45
61.40
60.23
62.92
53.76
55.27
51.23
69.91
61.48
51.06
55.38
58.77
50.55
65.92
61.13
58.12
52.47
51.19
63.77
48.43
58.90
74.46
57.81
61.19
53.29
53.63
60.68
58.16
57.14
57.04
66.91
57.53
66.71
62.56
61.07
65.25
54.36
49.88
52.24
54.35
61.27
66.39
54.35
55.08
53.41
54.90
52.48
55.43
63.47
56.47
60.66
54.68
65.71
63.54
60.54
56.91
56.56
72.52
49.40
51.93
60.04
31.58
64.29
65.21
64.26
60.05
53.74
55.82
55.31
58.05
55.06
69.38
70.49
54.21
54.30
43.39
61.15
51.66
53.10
66.67
53.72
54.78
52.34
57.92
56.00
54.40
56.68
57.97
44.22
74.35
52.72
59.49
67.90
76.59
57.15
61.44
46.96
45.67
52.61
51.18
51.43
60.31
50.94
67.89
58.62
45.58
54.68
69.93
60.78
48.02
59.00
59.82
50.24
62.50
49.78
48.66
54.84
60.49
57.94
57.67
64.58
54.11
61.06
68.20
64.61
62.46
47.33
62.50
50.03
60.90
52.59
56.85
66.49
57.88
47.70
88.46
62.19
47.74
57.15
68.39
53.38
61.60
48.53
40.79
59.38
56.26
60.19
56.49
57.59
70.96
55.49
54.45
53.40
50.05
63.04
48.51
56.78
58.26
64.06
74.50
61.78
59.84
56.13
61.64
57.09
52.32
63.86
47.46
69.38
55.80
64.75
54.45
39.66
54.48
58.90
54.06
58.86
65.16
56.84
64.60
53.57
41.69
67.17
61.62
73.41
61.72
60.67
56.44
58.17
50.87
65.35
66.52
59.90
58.68
60.13
59.02
68.16
59.69
53.78
57.29
71.78
56.52
60.98
42.11
57.73
59.91
63.58
61.90
51.81
64.35
62.89
60.57
56.79
67.44
57.54
60.28
59.06
49.12
62.31
59.38
77.34
53.27
56.53
68.59
61.45
64.82
62.70
63.27
59.87
66.50
45.58
46.15
43.92
47.17
54.13
53.11
61.91
69.44
64.07
69.03
41.49
55.28
57.77
61.79
59.92
49.37
57.66
56.50
48.03
54.50
62.23
57.13
52.88
60.74
35.27
60.14
47.31
65.90
59.44
65.01
61.37
70.52
49.38
46.87
67.10
61.97
64.37
59.84
60.03
58.05
60.90
54.60
59.08
55.23
54.69
63.69
67.04
62.76
69.26
62.72
59.89
56.81
53.76
54.99
74.48
53.78
58.76
51.58
62.84
65.06
58.96
48.80
46.21
84.09
62.73
60.37
65.20
58.17
62.43
54.90
51.20
65.05
48.11
53.47
63.82
59.25
44.28
57.88
52.73
67.24
47.34
52.74
63.36
46.07
67.04
50.09
58.91
54.59
54.88
56.57
60.93
56.84
68.25
73.47
63.71
64.30
59.82
61.13
64.24
61.56
64.54
56.12
66.44
56.28
59.28
44.98
60.87
67.53
58.79
61.81
62.46
56.19
45.87
55.43
60.60
52.19
50.23
46.22
59.39
54.32
66.31
50.31
52.52
64.17
77.54
60.89
67.55
55.24
58.08
54.40
60.36
60.47
64.66
57.99
59.42
55.65
53.79
55.99
60.50
61.00
44.66
54.42
50.67
62.14
53.63
64.92
54.95
55.05
34.40
61.23
46.52
55.54
51.74
45.90
60.54
42.62
63.46
57.99
58.39
63.26
64.03
57.39
55.51
60.12
72.93
56.76
54.63
53.72
59.06
62.24
55.67
61.33
48.12
54.31
53.94
55.36
51.14
56.47
57.10
61.59
73.02
55.52
54.35
68.42
54.88
45.91
61.15
72.61
48.86
57.99
67.64
48.88
59.23
65.63
54.33
53.64
54.58
51.14
61.80
52.64
56.82
58.52
58.26
65.23
66.46
49.87
62.30
56.35
63.18
64.37
60.83
56.98
56.53
61.64
60.34
58.23
33.61
49.46
63.07
60.33
73.48
55.59
49.03
48.82
56.05
65.17
58.16
61.28
69.72
67.86
60.20
52.11
64.22
55.90
54.85
57.66
50.21
60.56
58.22
53.33
68.33
51.61
54.47
55.12
65.19
45.24
60.89
56.11
59.02
61.46
52.41
58.02
61.52
67.44
57.82
55.00
44.80
42.78
62.30
52.01
49.66
66.74
75.56
60.82
63.67
98.77
57.69
56.54
62.01
46.16
53.13
51.15
33.85
47.56
44.56
55.07
64.05
44.18
63.60
73.26
56.35
49.39
69.39
69.35
58.74
56.91
63.53
58.49
48.65
53.77
56.06
59.43
63.54
66.80
61.51
52.44
54.50
58.42
67.22
54.83
52.81
59.56
68.25
58.83
53.78
48.87
62.73
49.50
62.88
61.67
54.15
64.73
50.03
71.91
57.53
62.82
54.51
57.12
58.31
57.36
65.79
56.44
68.97
79.34
72.83
61.93
49.09
68.80
67.34
66.42
58.74
60.64
58.35
53.61
49.83
57.66
63.70
56.01
64.12
61.83
55.14
62.25
56.80
64.21
60.00
50.13
50.36
61.28
57.48
36.77
55.91
55.65
53.68
60.64
53.59
56.63
55.63
60.49
64.52
28.74
53.00
59.93
58.21
72.65
50.40
54.40
71.46
65.40
45.02
58.48
60.76
56.40
61.47
53.37
64.99
54.03
48.27
64.94
59.27
60.01
51.87
63.52
55.21
69.70
59.68
64.98
65.41
62.86
59.09
54.44
58.69
63.33
51.02
52.42
47.77
61.99
60.39
55.67
56.18
60.77
61.85
59.19
57.30
69.19
56.10
56.43
54.28
63.62
50.69
62.38
55.88
48.68
59.92
55.97
56.81
42.16
55.97
63.66
59.86
65.68
54.69
68.23
54.89
57.05
54.17
58.96
55.24
50.89
50.29
60.20
58.33
66.59
60.68
55.08
54.00
58.13
54.95
48.84
56.95
68.05
66.99
58.61
60.95
62.33
68.89
66.42
52.74
61.51
57.94
63.43
55.35
63.82
56.97
58.35
62.03
60.57
58.13
63.63
54.39
65.63
56.35
57.17
62.76
60.33
71.65
57.07
53.95
40.13
73.89
67.58
45.03
57.77
64.11
64.33
55.67
53.11
49.37
74.66
65.00
47.69
59.18
64.36
53.65
52.79
56.30
59.50
61.19
46.58
50.30
62.72
64.26
57.31
57.05
54.50
63.12
52.60
45.12
63.63
74.07
53.78
47.03
58.59
54.76
63.43
58.90
56.45
55.81
50.19
61.45
59.61
51.96
65.08
59.10
60.59
56.45
55.73
65.87
61.31
49.09
80.29
55.55
70.44
62.73
72.87
58.56
58.68
35.44
66.59
66.97
59.18
60.78
61.54
41.20
58.00
53.89
54.98
59.94
50.92
54.76
60.77
67.95
48.33
67.71
54.92
32.19
59.45
53.55
59.92
57.08
54.50
64.43
56.20
58.76
64.41
68.16
67.40
59.61
53.04
56.08
57.31
56.63
58.82
66.11
60.01
63.20
55.94
52.81
52.96
60.83
54.74
55.88
52.26
44.41
60.62
58.91
64.42
53.86
66.19
52.59
60.61
54.47
56.80
54.17
54.09
58.21
60.46
49.61
62.07
60.62
63.20
55.69
50.46
61.37
66.70
50.16
55.85
67.12
73.12
53.93
42.50
53.76
47.28
51.14
53.62
57.86
60.57
78.33
57.13
53.59
50.07
50.71
63.76
52.92
54.48
63.95
54.86
63.60
61.87
50.11
50.23
66.51
56.36
43.35
57.50
49.93
59.77
60.01
49.75
64.21
60.62
55.14
57.84
61.46
65.35
56.92
51.48
55.44
49.98
62.39
66.39
56.65
66.75
66.39
52.89
53.00
53.73
62.83
70.01
55.87
59.14
61.27
48.36
55.01
52.59
58.29
55.94
50.02
59.46
47.00
57.06
70.25
74.48
54.20
73.81
64.54
57.53
61.13
57.74
57.29
57.35
54.25
57.22
59.46
60.77
67.28
60.14
59.40
60.29
61.43
55.60
52.09
64.55
52.89
66.05
55.09
66.77
55.44
62.14
57.77
53.12
67.79
57.52
54.31
53.83
55.20
65.48
61.49
64.74
70.29
60.93
60.53
54.25
51.50
61.73
55.90
54.27
58.30
64.08
55.10
80.55
58.32
44.21
61.58
61.01
67.43
53.22
61.40
55.89
48.23
58.19
45.75
64.41
53.15
35.29
52.66
54.45
51.30
60.60
52.47
49.68
57.62
64.46
58.99
54.60
56.82
47.37
45.89
58.33
49.49
58.98
54.07
58.10
64.44
59.80
52.18
46.51
54.42
62.26
60.99
65.06
60.57
55.84
63.60
53.20
52.88
61.09
59.64
36.08
65.86
69.37
47.69
47.32
68.38
64.37
57.53
54.40
74.10
61.82
69.33
57.84
53.54
74.25
56.39
54.97
50.71
59.64
62.24
59.44
42.76
59.65
66.51
47.18
56.54
56.89
55.63
64.83
57.72
62.75
46.59
47.85
53.49
61.52
54.15
64.20
62.04
50.01
52.79
60.40
68.10
66.10
60.49
63.20
47.87
62.34
60.87
55.93
60.32
75.98
60.15
53.44
31.39
57.11
54.58
52.36
51.53
63.42
73.42
52.38
59.98
65.64
61.84
71.80
64.42
56.92
59.20
66.64
56.06
54.00
66.84
48.88
68.29
45.24
66.67
54.03
58.31
54.40
64.78
42.19
51.26
60.77
55.44
61.32
56.61
57.47
51.42
48.25
55.51
60.46
60.47
71.09
51.57
67.95
68.09
60.94
56.98
84.00
53.89
67.09
66.37
70.73
56.91
53.93
55.20
62.27
52.96
40.35
66.59
57.47
42.00
53.21
61.00
55.26
54.75
57.94
76.63
63.55
62.36
58.29
57.84
65.91
65.03
51.47
56.26
54.48
50.15
64.20
64.48
60.54
58.44
55.77
46.59
62.04
54.90
58.04
37.01
58.91
57.11
50.71
56.84
36.44
60.08
70.73
68.48
67.33
54.14
70.11
64.01
38.86
57.10
60.50
71.09
56.38
55.81
53.84
56.84
48.46
58.31
69.68
51.69
53.81
50.96
58.69
64.68
63.23
56.40
68.70
75.44
56.70
66.77
58.25
57.53
32.02
66.01
61.75
47.83
59.22
50.14
61.74
66.17
61.37
58.62
54.42
50.26
61.09
66.46
64.71
53.02
63.53
69.09
74.24
59.44
59.25
54.37
58.42
75.50
60.14
61.36
58.00
56.25
56.06
58.36
58.51
55.06
46.89
63.34
50.26
62.39
53.30
54.72
58.10
45.39
70.44
48.42
51.16
73.44
63.28
65.29
54.91
67.39
56.18
58.59
55.14
70.72
51.51
53.83
58.80
59.49
56.26
49.15
76.10
55.49
57.76
58.16
58.06
48.77
50.11
66.96
60.39
65.51
59.30
58.16
53.67
48.89
53.61
48.33
57.23
57.41
61.22
53.38
58.77
59.23
53.14
71.42
71.07
58.64
50.79
56.44
64.70
56.54
62.25
61.26
53.64
46.46
60.82
31.95
68.20
65.02
61.43
56.17
48.28
54.75
47.58
59.94
59.07
49.42
58.66
52.35
55.82
58.10
53.35
51.52
59.23
42.29
53.91
52.16
49.92
61.63
64.74
46.84
58.60
52.56
35.93
64.56
50.70
61.98
70.61
56.15
60.57
71.57
67.66
57.98
67.73
51.64
82.05
60.18
59.89
57.15
51.89
53.40
55.20
62.91
59.27
54.96
55.04
53.07
47.66
57.31
63.98
50.00
53.24
70.81
58.07
51.80
53.54
64.44
64.23
51.66
54.40
48.40
49.53
57.90
42.15
50.25
57.72
62.95
54.42
49.50
67.94
63.01
52.97
56.38
52.67
59.46
55.68
45.90
43.37
52.35
77.27
58.20
59.95
56.54
57.28
61.50
65.14
59.37
60.51
60.93
60.61
58.81
61.30
61.56
55.95
56.04
46.50
70.82
60.83
61.53
67.61
56.97
61.71
42.32
63.47
55.41
60.15
65.47
56.61
58.66
64.19
62.39
55.35
54.87
56.51
62.90
63.52
52.53
52.38
52.41
65.52
58.43
69.62
69.47
60.94
59.70
67.08
42.87
63.22
57.23
55.16
54.30
54.08
56.82
67.36
52.74
49.81
39.56
54.32
54.37
56.95
61.11
62.93
74.00
47.57
52.68
57.53
60.01
55.70
60.76
62.46
54.20
45.31
57.38
66.22
57.07
60.53
62.31
58.09
36.06
57.22
57.09
72.97
45.24
59.45
53.57
57.85
56.97
38.46
66.29
42.74
51.97
53.85
65.46
64.55
62.17
49.02
66.12
66.77
48.94
52.45
51.90
61.83
56.49
56.19
66.37
52.99
56.04
66.67
47.10
57.35
60.08
53.09
63.69
51.51
60.02
70.60
44.08
62.74
61.30
56.36
58.20
62.37
67.98
56.94
54.92
55.93
60.15
66.83
72.07
55.59
72.56
60.87
37.31
52.55
69.84
55.20
50.59
77.36
59.75
56.05
72.64
66.61
56.75
54.70
58.15
55.76
53.01
72.51
52.32
56.77
61.45
56.97
59.21
61.64
56.68
52.53
54.74
62.81
63.57
59.33
57.95
55.96
56.19
60.12
54.88
59.85
60.16
57.56
44.80
55.97
57.09
50.78
61.94
59.33
64.61
57.25
51.13
41.09
56.93
42.15
59.91
31.46
57.97
59.76
55.41
48.27
64.12
51.54
56.95
62.66
67.83
60.66
53.06
56.80
54.21
56.23
57.77
54.57
64.64
58.22
39.35
39.41
55.69
58.28
54.43
30.18
56.99
62.35
55.11
67.26
54.76
68.26
52.47
62.27
52.53
57.72
63.44
77.46
46.70
54.06
60.84
58.35
60.61
55.73
57.92
50.97
62.37
56.62
58.64
64.88
55.29
56.50
66.32
57.42
61.64
59.21
58.42
59.42
66.11
54.24
38.32
66.09
54.99
63.11
65.20
47.35
53.87
45.74
52.70
57.06
63.88
61.45
44.22
59.87
39.77
56.73
68.21
59.76
61.78
65.88
60.61
61.97
65.02
54.08
53.58
58.85
68.66
65.52
67.29
38.91
61.10
60.77
54.85
63.31
63.87
62.98
46.59
64.52
66.39
56.76
52.63
62.51
59.67
57.93
65.80
50.75
62.21
54.53
62.56
46.16
47.17
56.05
60.32
60.97
61.85
62.05
58.49
56.07
58.35
61.51
58.13
50.51
52.46
47.41
55.53
54.05
63.65
70.46
57.32
63.22
42.41
54.00
71.83
56.98
46.05
51.78
59.50
52.76
53.69
58.76
62.60
49.91
62.02
67.03
51.97
65.75
58.09
67.31
57.64
57.53
51.66
49.91
63.24
61.87
56.85
54.20
52.83
54.31
60.34
70.36
50.48
50.50
59.55
45.84
58.07
61.11
63.63
55.61
58.65
56.51
54.77
58.07
52.61
60.76
57.65
67.75
47.75
77.17
52.03
59.45
49.45
66.45
64.98
64.29
61.81
55.16
57.66
60.71
54.37
65.10
66.93
66.48
52.04
61.34
61.60
56.74
47.28
64.59
51.86
63.85
57.86
56.67
44.44
63.31
68.85
65.04
66.46
58.25
50.21
63.12
58.43
58.53
62.63
66.74
62.38
58.10
57.66
48.83
62.77
71.93
56.69
52.80
55.11
55.58
64.33
51.36
55.09
64.05
63.22
56.53
55.75
70.66
42.93
55.55
52.70
56.50
49.35
53.97
54.25
58.39
61.70
55.71
58.73
49.28
55.41
58.28
49.10
58.75
65.80
53.42
61.48
58.12
51.84
62.91
54.35
58.29
59.08
51.25
57.63
54.20
71.21
51.98
67.37
39.50
53.37
47.84
71.33
66.59
53.10
54.50
55.78
59.19
65.10
56.40
59.71
66.18
52.57
60.80
58.92
55.02
56.82
59.26
67.96
61.29
35.85
60.10
56.30
57.46
51.50
60.08
57.46
56.16
60.13
64.15
70.41
61.27
60.21
55.03
55.35
71.77
44.93
56.98
53.52
59.69
57.39
62.25
52.35
57.62
65.03
60.69
29.94
62.93
59.47
60.01
45.23
61.27
66.06
55.28
58.18
54.26
57.94
56.08
53.15
61.29
59.18
68.65
59.71
60.45
53.07
56.93
54.23
61.57
63.14
56.34
54.33
60.15
45.29
56.08
64.98
44.15
47.45
54.09
46.64
64.70
58.94
57.63
58.17
65.08
72.22
51.95
66.39
62.22
52.16
58.38
47.52
61.06
47.53
58.73
64.54
59.44
57.94
54.59
55.41
58.09
66.18
41.72
53.48
54.72
48.72
57.77
45.09
61.93
62.46
48.75
63.51
54.33
38.03
55.35
54.24
50.22
65.88
64.31
53.36
66.26
65.63
62.04
61.07
64.87
56.28
52.96
74.67
57.12
66.81
57.71
59.49
67.24
67.78
48.71
61.50
62.52
60.93
72.61
56.84
55.23
56.98
53.47
70.98
50.68
54.54
62.12
80.16
57.58
58.35
55.27
57.13
61.34
62.67
56.14
54.13
43.90
47.63
76.79
72.91
58.27
60.55
55.29
54.43
58.30
57.90
43.53
56.56
63.80
65.23
56.65
66.00
56.63
56.55
71.90
59.11
57.91
67.96
59.05
55.33
53.18
60.45
57.81
38.18
59.27
55.46
67.23
59.95
54.90
58.63
60.52
55.83
59.72
50.04
57.10
55.37
60.72
68.47
69.58
66.82
43.10
57.88
56.97
52.22
70.38
57.56
47.96
56.16
55.98
63.49
55.66
61.77
56.74
56.91
59.86
58.51
69.93
61.26
60.70
48.37
62.15
54.74
64.95
59.76
53.85
52.16
56.77
68.24
66.70
53.72
56.32
63.11
67.19
70.75
52.72
55.25
87.86
55.63
60.17
58.59
60.53
55.09
63.18
50.66
58.69
69.87
75.79
58.17
61.19
41.96
56.24
56.73
52.91
62.77
52.96
66.96
65.19
49.16
45.83
70.97
54.13
58.14
54.72
54.59
55.43
66.79
60.40
61.60
54.34
71.59
63.17
53.74
55.47
50.37
61.20
51.25
71.83
57.58
59.63
58.52
63.24
61.38
59.65
82.89
65.36
64.87
72.91
55.47
46.79
46.22
60.55
52.84
74.16
63.64
64.87
69.32
56.43
59.18
52.25
64.09
63.56
49.67
52.91
57.14
49.76
67.28
64.52
45.80
45.53
49.83
65.99
57.58
64.00
58.15
52.38
59.10
55.26
57.76
57.03
61.69
59.92
56.90
63.05
64.91
56.56
55.42
41.63
51.67
58.59
60.69
48.72
53.03
58.04
64.50
58.18
60.59
40.72
69.43
64.53
50.49
51.71
48.12
54.21
67.42
58.91
54.53
55.77
51.76
46.42
44.41
46.97
56.10
53.95
58.03
65.16
60.38
59.97
55.76
66.03
34.76
49.16
58.07
44.64
62.32
60.58
59.30
60.88
65.37
68.99
62.84
69.78
38.63
64.65
63.32
58.93
87.30
69.95
55.42
60.79
63.70
56.80
55.47
53.31
50.97
58.81
62.33
66.29
64.87
59.82
52.22
56.73
54.27
56.05
66.94
52.55
62.15
53.25
59.42
56.71
52.34
54.21
62.66
63.34
71.02
53.52
65.21
47.17
54.24
58.43
65.04
55.97
55.42
59.32
53.79
58.67
60.39
58.99
54.09
59.03
61.34
56.11
61.51
54.34
54.66
67.05
53.06
63.61
61.35
81.12
64.23
58.70
43.49
62.26
57.96
67.03
63.60
52.11
54.85
64.05
52.46
47.79
44.46
45.27
52.71
57.81
48.26
61.81
49.91
61.36
63.26
62.54
62.49
60.18
54.55
57.17
62.17
55.73
65.66
55.22
56.63
68.41
56.54
52.09
54.73
63.30
67.27
56.47
58.75
55.87
67.40
56.35
51.62
55.53
56.18
50.80
54.84
72.26
55.61
72.38
59.50
55.44
36.11
59.80
62.61
63.52
46.39
64.78
63.43
55.00
62.35
56.46
64.51
64.04
53.95
67.75
42.69
50.01
58.08
48.60
59.92
57.66
66.46
61.55
48.12
56.56
52.38
58.31
61.74
53.14
50.28
62.25
47.57
43.66
49.52
56.14
57.68
57.26
64.93
48.52
63.13
56.89
48.45
62.11
58.78
58.86
60.45
54.98
58.36
57.04
55.00
52.17
51.95
52.76
66.76
55.47
61.23
59.19
62.74
63.93
47.11
52.44
72.76
60.42
68.44
60.15
59.72
52.33
66.75
59.99
65.19
54.46
55.69
57.15
47.46
63.82
57.72
41.61
55.41
64.57
49.73
57.51
60.36
63.10
73.51
67.06
50.91
76.25
55.46
51.35
49.38
58.58
43.98
64.43
62.87
48.80
67.52
63.83
67.80
73.07
58.16
47.26
51.81
51.97
58.90
55.66
51.55
72.89
62.75
68.60
47.47
51.34
38.45
62.75
60.98
65.44
42.56
47.27
77.57
57.43
49.68
54.10
53.23
55.26
57.54
48.53
64.58
35.91
60.73
63.43
54.65
59.83
65.06
65.80
57.58
55.05
57.82
65.47
47.54
66.05
72.27
59.09
52.91
42.96
55.52
61.38
55.81
61.27
60.23
65.33
61.29
56.25
56.33
60.34
53.81
66.43
66.66
56.24
55.87
54.65
58.08
62.54
57.04
54.11
63.98
60.20
47.15
75.39
58.62
68.33
63.10
67.63
65.21
54.58
66.40
78.64
62.09
58.69
61.37
57.86
68.60
60.98
64.09
58.97
54.40
55.61
46.50
56.34
54.98
71.96
57.79
65.70
51.00
52.87
50.44
53.70
58.95
58.00
63.35
55.76
57.87
63.31
58.06
67.75
59.60
62.07
45.54
55.08
53.71
54.94
52.14
54.65
55.62
55.90
66.80
71.06
66.34
71.80
40.13
63.34
59.15
50.87
45.16
52.40
72.15
50.76
55.03
62.15
41.18
76.04
72.09
56.12
63.00
55.80
51.27
57.67
62.55
72.12
59.74
61.94
64.08
56.73
67.39
55.31
66.87
64.86
56.53
55.11
58.61
52.59
79.05
57.83
50.39
51.95
69.27
59.31
72.38
65.15
68.81
63.37
53.33
54.62
56.18
34.73
57.64
65.54
61.77
56.67
66.16
56.15
48.29
63.53
64.56
61.74
53.82
54.11
55.07
55.16
59.42
53.52
45.26
57.29
47.76
58.44
58.47
43.38
60.85
51.77
52.49
62.44
51.14
62.86
46.56
57.07
60.98
55.00
50.90
56.67
47.14
64.38
59.84
61.03
64.41
50.25
55.54
49.47
59.71
57.67
68.24
54.46
60.88
49.53
59.70
55.93
51.07
65.20
63.68
55.80
70.62
61.51
53.06
58.81
59.59
54.24
69.61
41.86
61.29
58.05
61.26
51.15
70.13
32.20
57.02
55.56
72.61
58.63
60.36
42.93
66.54
55.35
59.74
59.06
66.25
60.01
61.38
55.61
59.06
59.93
61.43
66.74
60.92
61.22
59.27
58.82
64.71
55.65
72.84
47.01
41.60
68.39
66.73
63.05
46.06
59.65
55.05
62.79
57.89
57.32
62.72
64.56
60.45
71.74
65.69
60.45
63.09
58.17
55.28
60.99
62.87
68.40
57.59
50.64
66.16
61.86
59.57
57.09
60.09
46.75
55.95
47.02
51.12
47.07
57.10
62.49
61.12
63.08
61.04
50.91
57.98
57.11
50.86
60.92
56.39
63.62
65.64
63.82
60.71
63.93
53.79
61.90
53.82
52.58
56.14
54.00
55.19
57.70
32.70
58.79
56.10
62.19
62.09
69.38
66.32
58.80
62.71
47.31
62.36
67.92
64.09
64.22
47.76
51.71
56.00
54.86
59.22
60.22
73.46
56.66
58.28
65.66
52.61
55.05
57.67
60.24
53.35
69.66
53.30
49.30
55.12
48.45
61.15
51.34
48.77
60.67
61.91
59.98
64.21
62.18
65.82
55.96
59.70
56.68
56.99
60.96
60.34
57.96
55.75
52.28
57.74
64.45
50.76
61.92
53.82
53.83
56.50
54.99
54.61
65.76
54.33
59.96
62.51
55.25
57.65
54.86
61.59
58.27
41.48
56.05
57.13
54.31
52.60
63.72
45.88
42.68
62.63
56.47
45.46
57.25
70.79
58.64
