65.83
58.77
34.13
58.81
68.10
48.47
68.04
53.81
64.29
67.99
61.49
46.37
69.57
63.17
60.65
62.59
59.41
58.55
60.92
47.67
60.62
63.00
57.94
44.95
54.36
63.11
59.12
70.59
74.50
61.28
49.46
54.73
59.37
62.25
64.49
60.29
58.42
56.02
61.85
59.27
50.38
57.68
69.11
66.03
49.47
63.08
39.01
55.18
61.40
62.09
68.29
66.96
53.23
52.86
62.57
59.43
53.73
60.67
48.20
61.24
68.86
53.09
59.60
65.83
49.74
54.34
47.41
62.32
65.77
56.95
61.18
38.37
51.48
61.78
49.86
64.44
57.77
57.33
54.29
62.75
59.46
73.50
57.51
57.77
52.57
55.81
64.03
64.35
65.63
59.32
51.04
62.41
61.11
64.36
67.86
65.84
68.39
59.47
48.64
78.69
50.51
61.58
58.25
56.28
56.24
62.44
60.13
56.29
66.72
49.65
65.01
61.85
62.54
67.16
62.18
60.12
56.28
55.64
62.75
58.52
59.42
61.62
51.29
64.17
58.48
58.00
63.41
56.03
56.54
53.35
68.88
58.14
58.94
55.78
66.36
58.69
66.77
55.70
61.53
43.75
55.71
52.14
57.38
53.76
75.23
60.66
62.50
63.02
57.03
67.52
45.74
49.15
65.08
46.06
51.87
65.41
71.22
44.37
65.53
65.77
56.22
55.68
62.06
54.32
52.33
63.57
54.15
69.63
54.27
63.84
54.25
72.75
60.96
61.18
56.22
57.48
52.73
56.18
67.15
56.69
59.31
60.29
66.12
58.12
71.46
69.97
58.60
39.48
70.81
59.50
62.08
59.14
58.72
59.98
63.70
59.23
65.80
61.62
67.59
64.65
62.97
54.25
64.05
49.76
53.05
63.30
52.38
62.39
70.13
59.92
61.62
61.48
60.02
74.87
52.05
60.15
54.17
47.90
76.57
41.89
62.42
61.46
58.32
60.25
66.03
62.08
63.07
60.59
58.28
53.54
55.19
65.98
59.75
65.12
59.89
65.76
58.72
65.13
54.81
61.65
59.18
63.09
54.88
60.04
58.79
58.16
57.06
42.35
63.30
68.81
55.38
57.34
67.21
43.79
64.10
50.00
74.66
62.95
72.59
55.72
50.74
62.31
66.31
62.56
61.45
60.95
64.50
66.39
58.58
60.94
58.65
52.63
61.27
60.49
57.56
78.86
53.50
61.09
56.45
58.97
61.82
59.09
59.60
61.94
53.05
59.98
62.27
68.95
58.11
67.55
53.51
62.66
52.35
56.73
59.72
51.36
37.30
54.87
61.84
64.74
64.80
54.76
49.79
51.97
53.30
53.76
65.14
53.14
57.46
63.23
62.33
66.58
64.35
64.92
69.67
64.02
64.62
57.91
56.14
63.11
65.29
68.32
62.88
60.11
56.04
58.86
62.35
71.40
59.95
55.03
58.25
52.85
56.57
59.46
74.49
45.58
64.39
50.30
59.73
62.15
57.69
46.49
49.71
58.19
53.32
58.15
48.38
62.56
60.67
57.85
46.92
40.93
52.71
71.75
48.44
69.07
55.56
49.36
61.77
60.59
49.69
58.64
59.36
50.06
59.42
64.91
63.63
67.79
49.27
61.50
50.27
53.42
47.41
47.93
61.16
74.03
63.10
59.63
56.05
52.65
60.85
55.10
51.63
56.71
55.64
58.17
54.19
51.90
67.84
57.10
66.51
62.89
57.83
59.57
54.44
58.48
39.35
51.62
53.19
63.19
57.37
65.19
55.99
64.39
52.59
68.90
63.77
40.25
65.20
59.19
67.36
56.74
65.70
42.01
38.10
58.47
59.35
65.62
60.57
66.14
50.14
62.26
62.34
57.49
52.09
56.17
49.21
30.31
42.88
63.58
66.41
60.16
68.41
49.42
68.73
63.88
53.56
60.18
59.08
36.62
42.46
44.86
59.01
62.63
61.15
62.33
59.84
67.71
52.34
51.50
60.80
60.53
59.10
64.13
66.85
62.21
51.91
61.40
61.06
65.33
50.02
63.49
56.57
59.53
54.44
63.17
59.71
59.30
58.09
57.21
58.43
74.62
71.10
62.68
62.40
80.72
45.14
70.34
60.87
53.21
60.63
72.78
63.36
68.48
65.06
65.18
51.10
57.97
60.78
55.34
65.68
54.76
62.06
65.97
68.04
59.23
56.41
67.98
69.02
58.92
54.67
56.72
66.67
61.76
65.77
59.22
54.61
61.33
65.55
61.54
65.24
52.05
62.68
56.17
57.53
63.79
70.03
76.84
60.13
55.19
67.16
58.85
64.76
65.19
60.62
32.47
55.20
57.20
66.49
59.26
58.16
59.35
56.53
63.64
60.45
55.02
57.29
55.05
56.84
55.42
58.22
66.17
58.91
61.16
61.99
57.80
61.93
72.49
63.87
56.62
59.83
52.48
64.16
57.17
59.17
49.87
58.21
58.47
59.30
59.32
49.43
64.19
81.69
53.85
50.43
60.49
63.57
58.68
66.97
60.05
52.75
72.12
58.17
62.48
58.73
52.46
58.05
58.54
56.17
70.72
60.09
61.61
54.68
52.52
76.43
56.71
63.17
67.72
56.09
56.45
51.06
66.82
61.87
55.76
55.74
60.33
60.53
74.37
59.72
42.93
54.83
60.16
59.86
49.11
66.55
65.43
51.27
61.00
52.61
64.03
57.64
52.16
46.46
70.00
58.77
50.93
62.90
63.83
62.55
60.92
45.28
58.03
61.05
61.93
66.35
47.41
61.88
63.85
62.93
54.50
52.72
41.01
55.96
62.83
67.78
55.00
62.52
54.88
59.42
47.55
56.37
52.71
53.68
61.53
51.41
52.13
51.70
50.27
48.03
67.45
55.52
51.07
64.30
70.56
56.60
60.57
60.71
63.60
56.67
71.20
58.34
53.23
72.46
71.93
65.78
74.02
69.25
60.48
62.79
61.72
56.56
71.75
60.01
53.49
65.34
61.32
73.07
73.13
44.69
68.25
60.68
61.89
61.50
44.51
57.67
46.70
56.72
69.97
71.08
58.51
54.12
67.84
59.39
70.76
60.28
72.72
57.28
51.22
59.15
33.15
53.43
51.34
55.76
57.46
61.62
63.38
54.93
49.60
53.17
64.46
59.36
57.11
41.58
63.13
58.36
63.26
56.73
61.62
68.30
60.56
54.43
66.72
63.12
53.89
61.68
54.85
58.66
57.25
66.73
58.81
66.30
68.59
56.30
53.60
52.62
66.61
69.79
63.98
64.16
58.87
45.10
84.79
62.58
60.14
76.19
55.38
62.17
57.88
51.46
51.72
64.14
69.42
52.94
56.59
59.63
40.38
66.69
59.91
81.50
65.84
61.01
41.28
60.03
47.11
62.79
55.49
45.69
68.00
65.83
58.16
80.75
68.59
50.60
71.23
61.32
74.82
56.53
62.04
51.38
70.33
53.17
59.18
63.22
57.71
41.91
57.21
56.33
57.08
62.25
66.41
68.91
65.58
54.29
64.74
77.34
62.65
66.51
41.21
57.64
50.55
54.68
62.70
55.98
60.06
59.23
59.52
57.96
55.24
44.26
49.61
68.78
52.59
65.30
59.62
55.84
69.02
48.36
60.91
63.32
64.01
59.97
69.21
63.25
56.77
68.80
64.80
67.87
37.31
59.10
52.62
54.89
64.72
61.22
72.44
65.70
51.94
64.09
49.66
57.89
51.92
57.67
57.15
61.85
64.52
63.09
50.87
58.67
57.62
61.40
58.63
66.79
66.52
47.26
63.80
59.53
51.81
65.61
56.32
61.10
61.18
50.84
54.57
58.56
59.22
53.92
60.20
59.31
54.13
67.19
61.80
72.07
68.84
36.69
64.00
34.51
53.28
42.55
59.67
50.21
64.57
62.00
65.94
61.98
56.31
75.96
51.57
48.96
61.21
67.14
48.00
60.11
57.17
52.74
60.32
62.65
66.77
51.31
50.80
52.41
51.96
58.01
53.20
63.76
57.23
52.17
50.30
49.31
68.31
59.01
64.76
49.09
61.44
56.52
54.72
73.26
59.90
69.61
53.81
73.78
58.32
59.65
56.90
59.93
56.93
64.74
71.37
45.72
62.19
64.39
42.38
60.20
63.00
61.33
58.19
73.06
60.36
69.25
61.59
64.01
51.19
64.80
55.27
54.73
55.84
46.23
51.94
40.20
60.42
57.91
58.54
51.19
54.45
56.28
54.86
85.96
54.55
56.10
65.62
59.38
42.68
67.40
52.34
54.50
52.09
54.26
63.40
67.44
69.79
60.80
55.09
62.18
40.24
60.60
62.55
67.63
59.84
53.78
58.52
66.83
53.87
70.75
59.37
66.05
59.19
58.84
58.90
45.92
82.01
57.38
63.74
53.35
63.74
55.56
65.10
69.67
54.07
56.33
61.24
61.41
59.59
58.42
63.35
67.50
62.97
40.01
55.83
60.00
57.34
69.96
60.59
73.76
45.59
67.99
52.67
72.23
69.39
56.54
63.94
62.03
60.88
54.68
48.16
57.21
59.79
57.46
49.90
54.25
53.02
51.89
69.13
57.66
63.65
64.34
56.92
59.19
54.01
53.69
63.14
63.69
64.94
63.21
58.29
54.89
60.11
59.10
57.58
54.58
54.55
54.58
64.42
48.52
57.76
61.66
55.71
52.02
64.50
68.71
55.12
63.82
56.33
55.23
56.07
61.76
64.33
66.49
47.93
62.88
47.47
61.91
56.87
45.99
61.57
56.07
64.24
51.69
59.89
59.82
71.65
53.84
62.09
45.33
59.21
63.60
59.92
52.40
57.79
57.96
60.77
65.55
60.71
66.87
47.29
65.69
47.62
61.69
56.46
65.34
66.49
56.43
59.47
56.26
75.26
54.84
49.26
44.32
49.11
56.97
62.39
60.57
62.81
50.23
68.01
67.30
58.38
66.70
58.98
54.17
66.91
66.10
56.37
48.41
63.26
62.56
56.08
58.83
68.17
63.32
51.55
64.71
42.17
57.75
61.44
53.90
51.06
47.83
55.83
58.20
59.63
54.72
64.60
73.75
61.21
60.53
52.75
63.75
53.17
56.06
60.77
53.23
63.00
62.15
53.04
51.90
56.04
51.83
67.36
59.48
64.51
62.82
61.11
63.30
45.56
63.49
54.59
64.41
51.02
79.29
50.09
60.32
65.58
55.97
69.21
66.89
53.35
64.97
75.78
64.50
58.45
35.52
70.78
63.06
61.08
56.28
49.49
61.57
59.02
58.21
56.52
73.34
67.80
71.04
45.00
59.80
52.21
49.37
60.47
60.57
60.84
50.13
65.56
63.65
65.28
57.78
45.45
63.04
51.24
62.92
53.80
67.54
62.52
63.21
57.69
61.51
65.97
57.05
54.07
67.44
53.31
59.27
59.93
61.12
49.72
53.67
57.60
64.21
65.23
66.17
55.65
72.54
55.43
50.19
69.84
55.16
57.19
52.54
41.80
56.48
54.10
53.43
69.66
81.50
59.28
56.24
58.64
49.83
57.71
50.20
69.50
61.42
61.74
62.48
53.94
59.73
60.45
52.83
52.93
55.78
67.00
58.78
50.89
57.93
65.59
53.34
60.96
59.61
66.84
56.81
57.91
61.95
65.87
61.68
60.05
60.92
56.51
64.64
59.94
68.95
46.05
56.08
64.69
52.20
62.35
52.28
73.68
72.26
55.36
56.64
58.48
57.12
69.32
68.40
57.65
54.86
52.98
69.21
55.90
62.09
58.20
47.52
63.29
64.10
69.47
55.75
53.79
57.37
59.06
62.12
32.00
66.33
52.90
42.99
64.80
56.16
51.68
65.96
59.24
71.52
57.43
61.36
58.30
57.15
54.60
78.64
59.19
76.95
55.43
55.73
60.03
57.01
62.09
64.75
64.53
53.59
60.22
55.87
66.76
54.72
56.00
61.69
50.81
58.95
67.54
58.91
54.37
74.10
66.76
63.12
68.89
67.33
68.43
46.41
25.56
67.66
53.94
60.33
68.33
61.55
62.56
57.95
70.86
61.37
58.37
61.25
52.70
62.18
58.49
79.19
64.60
68.87
64.76
53.85
57.70
66.05
65.54
45.98
54.97
59.97
59.70
60.88
63.78
63.78
72.40
44.88
57.16
59.84
64.78
55.92
53.87
63.30
64.89
51.65
64.46
54.18
55.02
55.58
52.57
64.99
59.38
59.91
58.63
75.43
60.89
57.72
62.52
68.75
38.44
62.55
62.93
65.36
54.03
61.94
52.39
47.52
67.31
67.63
60.29
55.56
65.05
51.50
51.24
66.30
56.75
61.43
61.86
64.17
59.70
65.49
62.71
51.28
57.52
60.21
62.53
60.50
62.00
55.89
63.91
60.44
77.28
59.62
67.22
52.78
64.59
61.60
69.57
55.40
53.62
60.59
54.80
54.05
68.84
55.64
66.85
59.52
57.92
69.84
61.27
55.54
46.89
57.05
57.93
56.14
63.49
60.33
53.52
67.94
66.12
59.82
54.87
60.74
66.01
66.63
76.85
61.36
47.94
75.44
63.79
60.15
65.62
64.11
53.09
74.44
64.58
59.81
73.86
52.30
59.44
54.20
65.89
59.39
58.32
70.81
59.29
61.98
61.62
54.01
63.76
59.46
55.33
63.62
58.39
58.25
55.75
52.83
58.81
71.04
58.74
62.96
60.05
66.67
61.21
62.34
65.19
61.07
65.92
51.77
69.43
58.07
67.98
63.19
59.14
40.00
52.63
59.91
56.27
55.57
67.90
56.96
63.15
59.71
62.85
66.71
50.38
81.10
49.68
57.13
61.67
42.89
71.51
55.05
57.93
60.26
60.25
69.45
44.45
51.17
56.71
57.44
53.27
55.52
43.05
55.64
58.13
58.39
70.53
52.47
59.02
50.91
57.77
62.17
45.38
58.46
55.16
59.79
56.35
61.45
55.86
64.34
56.66
57.62
62.25
62.27
58.56
43.90
63.84
59.16
47.82
60.52
51.19
53.44
64.08
54.38
50.59
59.52
61.12
62.10
73.66
61.90
63.58
66.87
61.49
64.29
60.67
46.86
59.59
58.82
59.53
55.15
63.46
55.43
36.84
55.83
55.38
58.64
57.42
60.49
67.45
50.00
57.06
65.74
55.46
48.33
52.38
64.93
57.83
68.60
59.19
65.81
51.79
68.76
59.19
47.76
64.04
62.07
70.92
62.36
47.53
59.02
64.99
59.22
57.70
55.42
58.07
74.39
62.53
50.80
61.65
69.20
75.64
56.66
67.07
51.45
53.94
64.17
63.69
58.60
65.40
58.64
61.05
67.22
52.00
56.80
57.78
46.37
61.95
61.21
56.75
62.81
62.43
61.76
60.01
56.75
55.62
58.94
55.25
58.42
65.24
60.91
56.87
54.15
67.41
58.26
65.16
63.17
57.16
63.61
45.22
53.23
58.67
53.85
59.36
62.12
60.60
66.45
52.16
52.56
61.55
58.44
54.94
54.64
58.87
48.40
67.06
50.76
72.37
62.46
63.27
56.56
56.18
69.42
57.18
65.19
59.95
64.20
62.37
60.34
63.38
52.09
65.95
56.33
59.57
56.64
61.28
60.36
53.73
62.06
58.84
61.36
43.14
63.83
54.63
46.85
62.23
60.36
52.64
54.73
64.17
59.96
30.79
64.24
54.57
56.03
59.34
51.79
57.01
65.57
65.97
46.59
64.51
59.49
70.44
52.56
64.99
60.31
65.01
58.31
65.16
55.19
57.66
49.88
62.75
57.90
57.74
53.75
67.15
45.24
72.95
57.81
48.18
60.06
70.39
62.61
54.62
44.88
62.35
61.54
56.86
60.06
60.47
57.24
60.83
45.53
70.50
55.22
61.36
39.22
67.95
55.27
57.20
53.44
64.84
68.94
68.79
60.79
58.08
57.53
56.40
53.97
69.16
64.33
66.65
64.37
53.91
55.40
61.59
50.99
62.97
57.22
62.91
79.79
57.97
59.50
65.90
55.38
47.57
67.24
35.24
83.94
61.13
52.52
58.17
60.98
55.03
58.84
70.20
52.93
46.92
58.73
53.78
59.69
54.69
62.93
55.27
69.60
58.55
70.88
44.56
59.25
57.02
61.05
55.77
80.52
58.35
49.93
64.81
62.32
56.60
73.98
57.72
58.41
56.79
52.08
59.83
58.80
65.26
59.16
54.88
63.10
51.49
63.54
53.95
58.60
65.21
63.60
58.50
64.10
55.41
61.79
73.40
62.91
73.10
56.79
52.97
57.80
57.08
52.85
61.20
58.39
83.29
64.71
69.73
67.58
68.82
69.32
55.53
64.12
63.16
79.99
59.80
46.77
69.50
66.99
51.55
52.20
68.25
46.29
50.09
61.22
57.12
66.45
51.69
52.13
57.46
47.43
50.72
64.17
57.53
59.41
62.37
54.75
59.98
65.51
54.80
57.10
56.18
72.67
56.88
68.43
47.25
56.75
58.53
60.20
61.08
56.75
56.27
71.01
62.25
39.83
63.29
63.33
48.66
57.72
59.86
62.40
54.92
60.83
49.31
58.00
73.79
48.38
53.76
66.85
54.79
58.75
54.42
49.99
67.20
57.41
65.94
57.66
67.55
62.62
63.23
52.92
55.63
75.59
67.42
69.20
50.93
48.43
54.53
60.48
68.59
54.38
58.02
57.86
66.11
54.91
62.46
66.94
63.75
61.32
66.23
33.00
56.82
61.84
52.16
55.78
64.95
50.37
69.10
60.26
57.84
60.68
56.61
64.71
49.44
54.53
54.51
63.61
58.84
43.45
38.96
60.33
63.59
64.91
57.52
65.40
58.48
62.39
51.59
55.20
55.43
49.54
59.04
62.74
48.62
60.70
57.39
60.96
59.59
65.78
57.45
49.28
61.45
59.73
56.67
68.75
59.38
50.57
55.86
61.78
61.16
51.31
63.92
71.09
59.67
67.94
56.19
63.08
57.36
42.48
55.48
56.67
60.61
59.91
63.29
64.93
59.22
59.80
53.38
48.77
49.67
59.82
63.98
62.55
58.94
56.70
58.43
64.16
63.33
56.08
56.95
63.03
63.30
52.61
57.00
60.67
59.00
51.46
53.14
55.81
57.36
56.65
61.12
53.94
61.10
52.94
56.89
65.29
54.44
60.69
50.53
69.56
35.56
50.61
65.31
54.70
58.31
52.88
61.48
52.54
61.35
58.05
62.31
58.06
56.73
57.25
58.67
45.98
50.99
58.95
58.55
69.42
60.15
60.15
43.69
37.76
55.21
52.41
57.45
54.37
49.06
57.09
51.17
59.88
50.22
48.34
72.11
64.37
56.08
59.41
59.16
76.25
61.70
58.78
68.73
78.39
52.44
55.37
50.40
52.42
75.73
63.42
46.78
52.95
54.43
61.09
62.33
61.04
44.12
66.68
54.00
42.39
63.07
69.81
54.59
40.50
57.45
61.51
55.75
68.33
57.63
34.38
65.94
68.13
64.13
67.33
36.21
71.22
51.26
64.49
61.82
54.53
61.35
61.05
46.36
64.80
55.23
49.56
63.95
49.71
57.14
43.69
60.16
57.88
59.21
58.42
61.02
60.93
63.31
38.74
75.31
58.61
57.44
64.08
62.65
51.29
79.18
72.76
58.14
56.39
55.93
60.37
57.26
57.82
59.65
65.75
52.49
60.20
58.08
56.07
58.99
68.92
68.87
34.86
59.33
59.75
64.68
66.95
67.10
60.58
57.99
63.46
75.43
58.61
60.07
62.17
62.93
65.60
72.26
51.14
59.79
68.49
55.45
47.88
65.82
61.52
54.78
56.79
55.76
59.79
56.83
56.37
58.53
51.26
73.21
52.46
69.38
60.70
61.48
66.54
86.92
69.61
55.12
52.94
63.17
51.57
56.37
47.92
51.06
59.34
64.67
63.77
65.18
57.60
53.81
63.53
55.50
74.25
59.77
62.51
53.55
71.95
55.29
69.97
60.99
54.86
60.94
70.45
79.86
73.50
49.71
75.07
51.27
61.73
52.72
53.91
63.39
58.99
64.03
68.55
51.40
64.54
65.06
64.66
70.00
65.75
55.99
65.82
65.77
64.12
61.58
53.63
78.86
61.57
49.70
54.29
62.92
44.64
57.55
53.90
40.79
56.58
59.62
56.72
60.22
67.99
48.53
58.26
52.23
61.83
52.14
55.43
48.12
63.31
56.74
81.26
55.42
66.61
62.05
63.04
55.91
46.50
54.72
62.80
60.59
52.02
58.16
56.87
57.46
58.62
67.02
74.99
48.98
56.87
40.08
62.01
57.01
64.75
61.28
64.48
54.24
74.56
54.49
57.93
55.13
55.15
53.00
70.87
63.77
38.14
56.51
59.65
56.86
62.28
53.94
59.05
58.51
65.36
50.76
58.15
59.26
57.29
59.81
60.11
65.17
66.70
60.29
69.39
54.88
61.72
55.29
66.82
64.08
66.72
62.27
62.66
52.13
69.28
66.06
55.31
56.58
62.03
57.69
43.28
51.91
36.63
63.27
62.20
57.06
66.02
68.87
59.39
63.45
58.96
68.88
51.57
46.70
63.52
63.89
57.32
55.04
66.83
50.11
56.91
75.34
66.55
57.50
49.50
67.48
69.17
59.90
57.72
65.15
61.05
58.14
64.10
59.58
59.28
59.33
69.34
51.20
65.72
59.17
63.79
55.72
57.51
52.85
69.30
58.64
56.79
63.42
69.01
49.58
52.30
58.04
59.18
59.92
54.86
66.23
57.26
62.95
73.84
51.97
49.86
63.79
59.22
63.47
57.77
63.13
53.93
59.58
68.61
80.03
55.75
55.66
60.47
60.72
58.31
60.30
52.50
62.64
73.17
57.42
57.16
57.15
58.39
50.88
67.26
56.69
45.99
58.08
59.86
62.80
71.30
60.90
59.80
74.89
55.99
65.53
63.21
61.12
60.93
53.29
55.73
49.10
52.84
49.60
59.23
51.40
56.82
79.89
62.04
31.79
65.39
62.39
62.95
60.49
62.82
54.03
63.37
70.40
67.32
43.98
63.65
62.46
58.28
58.70
60.10
82.19
44.78
69.48
63.71
67.51
58.65
71.33
56.05
68.50
61.66
60.30
50.03
47.82
61.35
52.67
64.16
58.57
62.36
60.35
61.20
50.26
58.56
50.11
39.48
57.67
57.40
64.47
60.19
51.69
63.65
67.31
60.52
52.79
63.09
62.31
58.31
75.90
58.24
63.76
60.40
79.44
62.74
55.44
66.05
59.32
62.36
62.91
56.61
61.93
63.62
43.29
58.46
64.10
60.69
60.66
58.46
56.09
59.46
43.46
46.07
71.74
66.44
63.35
61.89
60.24
62.00
70.17
54.17
55.91
69.50
49.46
57.50
47.99
55.95
69.29
59.28
53.61
59.54
57.57
64.93
51.01
51.76
62.07
65.40
70.58
67.83
62.16
60.80
57.36
51.56
63.49
61.30
68.12
57.99
47.70
47.81
44.74
56.60
63.06
55.48
50.66
53.49
56.65
58.06
60.11
53.45
56.25
48.28
54.93
32.13
61.44
45.83
65.20
64.54
52.54
55.69
65.26
55.05
59.00
47.49
59.24
59.36
60.23
62.11
62.54
61.97
68.09
60.91
57.67
60.09
63.50
58.49
61.21
57.94
58.88
60.33
56.90
52.69
55.99
58.70
47.04
50.39
58.01
57.09
60.13
62.69
44.98
55.47
47.22
56.37
65.40
66.46
58.47
55.08
62.51
66.01
58.09
60.58
65.83
58.71
68.34
62.19
50.73
66.14
60.91
53.80
56.42
61.81
53.73
63.97
62.31
73.00
68.99
56.64
52.90
60.12
70.76
57.81
63.84
55.33
53.59
63.74
71.61
66.61
63.76
44.19
81.37
57.68
64.19
56.61
60.00
63.06
64.55
57.17
66.13
63.34
37.81
66.61
77.51
57.84
59.94
58.36
62.04
61.28
55.92
55.08
49.14
58.80
43.56
45.25
63.57
62.11
64.95
59.36
57.52
57.96
55.42
52.08
55.77
45.44
63.92
57.10
48.85
51.94
70.29
57.07
67.73
55.57
49.60
58.09
49.55
61.03
67.00
60.33
63.77
56.35
52.76
61.22
65.05
57.00
63.44
68.54
56.35
59.28
65.22
51.32
65.65
55.74
65.84
74.10
64.66
52.02
58.42
55.03
53.03
61.02
64.71
70.00
65.08
56.25
51.11
67.27
60.15
50.83
60.03
64.75
61.82
52.78
55.93
54.90
67.93
74.18
77.23
57.40
67.85
55.79
71.97
62.86
68.47
56.21
63.14
74.32
51.08
59.51
55.43
66.29
69.38
70.55
67.91
68.95
73.33
54.00
62.89
58.50
56.83
50.93
73.36
60.49
58.94
60.45
62.09
54.01
71.82
58.96
60.44
65.34
57.35
65.05
62.22
66.94
43.66
64.01
59.69
75.16
69.08
54.27
64.33
58.78
51.02
57.22
60.69
58.62
59.39
54.84
50.08
55.61
49.45
61.11
65.53
66.90
59.25
55.92
49.85
58.42
54.85
63.01
63.91
70.11
73.60
61.25
60.36
59.59
63.99
56.00
62.66
53.14
69.04
45.82
55.00
52.42
58.80
68.45
64.76
58.16
72.98
54.52
67.06
72.50
64.30
47.52
64.74
60.94
56.51
67.21
71.98
63.39
61.42
56.68
56.91
57.87
76.19
50.62
60.31
63.90
72.71
35.71
53.68
56.67
55.79
65.41
58.26
64.53
61.41
54.35
48.38
59.24
55.56
61.31
63.22
56.92
42.84
56.98
52.68
45.10
49.40
62.13
52.17
61.90
52.94
58.33
54.27
50.55
62.21
57.51
68.86
73.63
54.49
66.02
54.24
63.77
60.47
65.77
63.28
62.33
50.87
55.95
61.72
62.79
68.21
52.43
55.84
44.13
61.37
55.57
58.57
60.35
53.56
61.00
62.72
65.06
61.71
60.82
66.58
71.97
51.63
59.76
54.75
47.67
47.16
55.12
69.24
68.93
63.70
65.88
65.88
59.61
63.36
62.07
62.79
48.97
45.24
62.80
53.29
56.90
58.74
55.52
56.31
65.79
60.34
55.99
53.75
61.48
59.77
54.54
64.51
55.03
54.61
73.82
56.91
57.45
64.87
56.43
64.87
42.25
67.73
59.53
72.93
50.91
51.91
55.02
65.62
63.78
54.08
46.07
64.59
49.30
67.01
68.04
60.54
56.70
63.65
67.14
60.05
57.38
65.80
42.20
52.55
54.45
57.43
71.94
54.57
58.57
72.03
55.95
65.80
60.91
63.91
51.13
40.83
58.70
57.95
55.46
47.83
53.09
52.17
65.52
64.65
56.29
63.00
55.41
56.22
42.97
35.07
54.05
58.62
60.57
69.48
65.71
46.90
59.52
52.68
57.89
66.56
65.82
70.86
65.95
58.90
63.80
70.47
65.11
59.52
67.85
59.06
59.79
74.99
64.59
62.17
64.49
60.04
62.12
62.90
51.28
53.94
61.68
59.32
61.85
61.76
45.44
65.51
65.66
55.79
52.79
55.54
50.12
69.95
63.74
64.07
59.22
60.83
69.70
65.84
49.42
59.27
62.78
65.11
65.33
50.43
54.58
65.08
51.59
62.50
64.42
66.41
67.84
60.19
57.90
57.95
48.57
54.74
54.49
70.81
64.45
59.85
64.21
54.06
66.79
55.20
48.88
59.61
61.23
70.36
59.86
71.70
72.29
64.63
45.47
56.23
61.14
78.76
56.08
55.32
54.02
51.92
57.94
61.60
55.75
63.06
63.71
57.49
68.05
54.17
45.19
57.03
64.51
51.11
61.14
53.90
43.98
56.40
72.31
61.09
56.71
54.36
70.11
65.18
66.78
64.72
50.51
46.36
52.73
65.82
63.71
56.04
63.44
47.85
60.98
70.26
56.13
49.93
35.82
62.18
64.95
57.56
60.66
59.47
64.47
55.53
60.28
58.90
56.04
55.22
57.13
56.21
40.19
57.42
53.61
62.23
53.70
63.13
62.14
70.27
55.30
56.34
64.13
73.72
41.75
42.01
60.49
54.49
60.02
62.82
54.12
43.24
61.88
39.57
68.39
62.59
54.55
60.31
58.11
61.21
52.56
55.75
51.57
56.70
59.89
62.98
38.27
55.87
64.22
61.42
62.23
52.24
55.59
66.65
64.33
67.15
55.11
56.33
38.75
66.54
54.65
76.64
56.78
64.36
60.66
66.43
72.01
53.82
58.06
49.60
68.49
57.79
58.01
62.02
67.81
58.98
39.64
43.72
57.07
64.04
51.73
51.93
59.92
57.82
61.43
47.86
70.63
65.37
56.76
59.94
51.11
52.09
61.47
55.43
58.64
57.82
51.24
56.79
58.60
46.39
57.37
61.08
47.55
72.10
62.93
64.33
60.87
52.63
48.95
41.94
56.31
60.22
60.20
68.00
47.58
66.16
50.89
66.22
53.30
62.22
60.60
52.73
58.47
73.06
43.48
58.64
56.41
64.58
63.30
66.85
58.25
59.43
60.47
62.96
49.06
60.12
54.88
52.90
62.31
65.70
51.26
54.23
64.12
71.59
67.32
61.39
56.37
50.06
55.86
63.13
43.43
62.08
62.07
59.72
53.17
65.31
57.82
59.60
67.68
57.66
67.20
64.94
51.47
38.00
49.13
51.66
58.93
67.38
56.67
68.12
61.04
60.97
59.42
62.53
63.10
64.42
57.82
50.82
65.71
55.93
61.37
52.35
68.35
64.36
57.75
58.77
65.64
68.90
53.13
58.49
64.54
65.55
60.01
58.53
55.46
63.16
58.63
58.47
52.41
67.83
57.46
61.35
62.94
51.22
69.58
71.28
69.05
59.57
75.14
53.69
55.48
69.92
46.38
63.46
74.32
63.82
67.48
65.66
78.44
54.27
61.05
60.61
60.44
50.80
67.43
55.34
60.28
52.08
32.96
52.92
71.68
67.35
60.53
59.50
63.42
55.04
63.83
65.82
60.03
56.36
77.44
39.07
56.41
57.79
70.40
52.71
67.51
42.38
44.88
62.63
56.05
56.94
58.46
64.09
65.66
55.70
79.98
61.42
71.83
77.58
50.59
33.70
58.34
66.45
48.38
51.67
62.84
57.17
58.12
75.69
60.90
61.15
62.72
57.51
52.61
53.80
58.98
59.49
62.31
63.41
60.25
58.80
62.50
52.43
49.42
53.94
60.47
57.09
73.07
56.26
57.62
55.65
58.51
59.29
69.47
45.96
64.68
55.57
67.01
56.24
74.88
64.22
52.57
71.87
58.43
42.87
49.22
67.93
61.70
68.44
57.23
64.92
46.46
55.77
61.29
47.59
66.31
62.95
77.11
61.67
56.71
62.79
59.18
54.50
70.38
69.62
45.70
62.33
53.80
74.69
64.47
60.77
57.63
66.16
59.15
50.43
56.64
71.07
62.96
66.63
53.11
57.57
56.15
66.43
63.39
59.06
53.83
53.77
64.37
58.52
62.70
61.77
65.69
56.07
72.62
60.85
56.42
57.67
61.28
62.16
51.01
68.61
68.16
64.86
62.35
54.04
70.51
60.24
50.60
67.18
66.84
39.56
41.83
60.90
57.91
64.75
54.19
57.29
48.35
70.21
66.13
63.91
71.19
60.31
54.64
58.95
61.37
57.54
72.58
59.33
66.24
38.19
75.78
61.59
54.79
65.17
59.92
67.72
64.20
65.83
59.69
56.64
61.80
66.47
51.53
55.86
61.80
69.70
53.83
67.28
57.76
58.57
60.87
60.13
55.69
67.46
62.14
69.99
64.30
52.59
66.38
58.94
42.98
70.12
65.08
58.14
61.60
57.43
63.76
60.66
70.15
55.45
63.00
64.14
71.87
68.18
50.83
55.01
58.65
62.10
59.58
56.41
59.43
69.66
66.68
63.67
51.85
68.11
55.05
55.20
56.84
55.48
56.97
64.44
60.63
65.91
52.68
43.39
68.04
63.76
69.93
60.12
60.37
49.75
60.40
62.97
49.53
67.07
64.10
61.52
66.27
60.21
40.83
64.76
56.00
67.55
63.61
53.83
41.08
62.97
60.07
72.04
63.54
64.21
56.62
52.45
44.03
68.60
51.32
62.35
66.48
64.98
54.58
46.98
66.33
50.71
53.11
58.53
29.89
69.96
33.59
52.79
62.47
57.68
61.14
56.30
52.64
51.70
69.24
52.85
53.92
64.33
66.67
55.25
52.76
61.78
60.32
63.98
59.64
65.03
57.05
63.75
58.12
62.94
70.31
57.86
64.69
63.09
50.82
60.29
44.83
60.15
69.43
48.40
61.99
66.92
52.45
56.98
62.93
55.94
55.85
64.20
69.86
47.06
74.93
54.06
59.60
55.76
52.19
53.43
57.50
65.73
69.84
51.10
54.42
59.55
53.87
59.42
62.18
61.49
54.83
66.04
52.83
55.88
43.73
63.73
55.64
66.93
49.63
62.56
51.39
54.98
52.83
55.99
50.86
66.17
59.07
59.15
51.79
65.90
64.39
71.35
58.30
55.55
57.62
65.42
66.94
61.39
55.19
62.59
68.72
58.55
60.43
58.56
60.68
59.97
55.97
61.01
66.82
59.31
78.89
74.46
58.43
70.17
44.16
59.46
50.09
63.32
49.37
63.80
46.20
60.86
46.64
42.29
64.49
46.56
56.61
39.74
57.25
51.08
59.84
62.06
66.68
56.03
61.06
55.30
52.09
55.01
65.79
79.28
36.50
60.56
64.03
53.10
66.93
52.16
54.87
53.60
44.62
59.51
39.31
57.21
66.38
63.14
58.05
50.77
60.29
59.92
43.47
59.24
50.84
46.53
52.66
58.30
61.41
62.56
51.37
55.82
71.40
68.88
57.75
64.42
46.92
67.18
63.96
40.19
61.03
77.79
66.29
66.48
63.12
57.92
63.77
60.40
72.58
51.05
42.58
46.62
65.27
55.57
67.39
50.32
61.61
53.18
45.90
61.92
62.22
47.69
53.07
56.05
67.94
59.44
57.43
70.80
59.63
46.60
58.10
55.28
60.17
68.15
58.54
68.69
61.85
67.18
66.59
51.13
53.89
58.42
53.50
60.60
64.48
61.11
66.44
66.91
61.42
46.89
53.89
71.40
64.22
54.47
60.58
70.67
65.41
67.61
63.74
59.36
58.49
60.16
62.60
63.70
49.25
61.93
49.02
55.91
50.26
68.43
43.24
71.31
59.54
52.91
40.74
73.97
62.13
60.72
62.11
61.56
49.40
61.61
63.28
51.78
48.61
52.23
53.97
49.29
49.44
55.78
62.67
61.81
56.72
50.98
58.58
59.79
63.57
61.84
63.91
59.49
63.72
48.52
59.21
57.85
59.50
49.68
60.64
55.66
61.25
45.41
62.74
61.85
51.75
56.17
64.07
57.95
52.22
58.88
55.99
58.12
57.14
56.92
48.07
56.91
53.23
42.94
72.94
45.86
42.46
58.14
54.33
57.48
52.39
51.05
49.82
70.30
56.64
55.34
56.99
55.84
48.78
43.61
57.90
57.04
55.53
51.94
55.23
53.60
66.77
60.83
58.27
70.25
56.98
66.60
54.57
50.94
53.90
60.06
37.24
59.39
56.07
64.07
57.21
53.82
54.91
64.09
37.22
64.39
55.29
59.49
54.60
49.99
66.01
50.14
68.97
58.09
60.58
57.36
58.42
58.40
63.44
42.17
68.36
63.41
63.84
62.62
56.86
55.28
54.94
48.64
70.75
60.78
50.70
59.26
61.73
54.29
57.56
61.52
60.68
55.65
47.29
60.84
53.10
62.71
75.61
60.71
63.24
55.98
60.21
65.99
57.07
61.08
58.40
65.88
57.16
67.60
64.72
60.94
62.41
54.75
50.55
53.34
56.05
56.70
64.25
59.64
55.18
57.57
56.96
59.77
57.04
60.89
61.19
61.17
63.09
59.28
61.53
62.74
56.86
62.05
76.71
51.19
48.68
59.02
27.34
60.56
64.00
64.23
61.47
54.60
59.79
61.20
59.93
61.40
70.62
67.99
54.17
56.65
67.00
60.32
60.91
52.43
66.47
51.18
58.21
55.67
55.79
58.98
55.39
58.80
60.49
47.04
75.46
51.43
61.98
67.57
79.28
56.51
62.50
54.39
51.35
52.92
61.84
48.76
59.74
46.96
65.02
59.52
46.20
62.34
61.25
57.16
48.80
57.06
63.54
63.07
66.88
53.41
58.72
61.99
66.16
61.01
57.65
60.28
53.60
63.93
68.87
67.89
60.42
47.26
61.72
55.70
58.62
49.64
56.69
62.81
56.81
44.44
88.71
67.11
58.99
57.50
61.55
59.51
61.84
47.99
46.33
61.76
55.05
59.20
57.18
67.30
77.45
58.16
57.86
60.39
50.63
68.75
50.39
57.04
60.00
63.53
79.22
64.73
66.07
56.63
66.84
61.16
51.58
63.10
56.55
71.60
54.66
65.62
56.14
33.54
56.45
65.45
54.70
63.32
63.29
56.31
63.33
59.05
41.82
68.72
65.43
71.49
61.18
64.19
63.21
52.28
56.00
66.54
65.21
53.60
55.43
61.29
61.44
66.20
58.32
59.59
56.38
77.15
55.06
58.31
53.27
58.50
60.19
60.17
59.86
56.25
58.25
64.50
61.94
59.97
67.81
56.53
62.86
61.06
46.90
65.75
59.18
68.08
52.82
57.04
69.04
67.79
60.51
63.94
62.03
59.73
57.34
56.69
51.49
41.20
46.96
56.77
54.05
52.93
52.75
64.80
70.92
52.92
61.22
68.36
62.84
59.46
52.11
54.34
58.27
57.77
55.71
71.23
59.86
55.66
60.80
36.70
58.16
48.92
59.72
66.25
63.66
62.56
69.74
48.96
46.95
69.67
51.39
68.43
70.53
58.51
62.22
63.10
53.37
58.56
55.34
64.46
59.72
56.53
62.29
59.44
55.70
64.08
59.07
45.67
51.90
72.52
59.98
59.75
51.16
70.84
59.54
57.27
59.10
48.79
75.38
58.11
56.50
46.88
57.76
60.67
60.12
50.17
65.47
53.44
57.87
63.63
53.38
40.32
60.46
53.56
63.58
50.00
52.33
65.95
42.74
69.55
45.04
67.21
56.44
53.80
54.39
61.20
56.27
66.27
72.54
67.44
63.91
65.01
63.59
64.76
58.83
72.09
59.62
71.20
56.83
58.13
54.92
62.38
72.58
58.47
57.71
67.50
60.05
49.98
59.15
58.70
53.61
55.40
48.61
66.17
62.46
67.07
55.27
56.50
73.25
81.84
64.02
65.91
48.51
59.87
57.73
62.17
63.96
58.59
60.70
58.23
57.73
58.80
53.02
55.14
65.19
47.29
53.47
50.96
61.49
60.82
71.54
56.34
52.38
40.55
60.79
51.70
58.67
52.10
49.67
60.21
45.30
69.91
59.76
59.03
62.85
66.27
56.66
57.03
61.00
75.03
65.97
58.56
58.40
58.80
61.18
55.59
61.88
37.91
61.49
54.46
58.37
54.61
61.57
58.26
63.47
74.53
57.49
58.51
70.48
54.53
49.48
58.96
61.40
44.54
59.94
63.13
48.70
71.09
58.60
52.81
55.27
60.38
60.73
56.60
56.49
59.05
57.52
61.20
62.78
67.97
52.62
64.49
57.63
60.41
70.15
60.59
57.72
61.27
64.82
62.78
52.86
63.85
51.64
64.35
61.13
73.87
58.99
53.93
52.67
51.64
62.73
62.03
54.56
73.04
74.41
58.09
49.48
62.82
55.10
54.25
58.96
55.32
60.05
56.75
56.42
69.94
49.78
57.05
56.13
65.40
44.38
59.93
54.12
63.23
62.34
59.40
61.26
71.39
65.40
57.84
61.42
51.63
47.40
64.38
56.09
50.63
64.59
76.11
65.03
64.99
95.06
53.91
60.57
66.96
47.89
54.98
54.09
32.88
49.60
47.56
60.54
67.60
51.28
67.76
70.78
58.62
60.68
72.45
65.46
62.21
59.24
60.95
41.98
52.72
55.66
57.69
57.92
63.36
65.19
63.69
52.13
58.93
56.13
75.75
58.51
56.19
57.34
67.48
51.29
56.00
57.14
64.00
47.09
58.92
64.34
54.14
58.87
52.78
77.41
57.14
64.93
55.14
64.28
59.02
58.74
66.79
54.89
73.03
81.66
66.72
62.19
51.07
66.84
64.35
64.28
58.92
56.07
53.25
57.10
56.31
60.35
53.41
53.49
60.19
63.97
53.03
59.18
56.28
58.82
64.43
50.53
54.35
50.88
62.50
46.51
60.08
59.56
52.87
68.55
56.87
59.86
52.98
58.06
61.85
27.35
54.28
57.01
64.42
71.07
55.25
54.54
69.29
64.84
52.76
58.72
60.15
59.62
59.91
57.24
65.98
66.34
46.37
65.20
55.93
63.65
53.92
62.23
62.80
68.94
56.10
62.27
65.86
66.66
58.67
56.90
58.74
62.65
44.78
59.17
45.54
60.74
60.29
59.77
51.75
61.36
64.71
61.14
59.00
62.11
55.14
52.16
51.77
67.90
48.77
59.61
54.61
48.34
55.86
51.21
59.63
51.46
53.79
68.28
60.62
66.18
60.29
73.18
51.87
54.77
56.88
59.32
57.07
55.21
44.62
63.84
65.14
66.57
64.43
53.99
54.12
62.44
60.02
58.22
60.61
63.08
73.20
55.01
70.04
62.42
65.44
62.35
62.34
55.81
58.01
69.40
58.16
66.88
60.75
59.31
60.10
62.24
57.39
70.54
60.33
64.12
57.08
58.16
71.07
61.63
72.15
59.11
57.39
45.12
60.68
65.27
43.84
62.85
62.26
56.95
57.12
55.53
55.08
75.99
72.20
42.37
58.02
68.77
53.17
55.44
55.80
58.44
63.24
52.21
44.56
62.41
66.21
61.04
55.80
57.93
63.24
58.34
48.92
57.02
69.51
51.66
55.28
72.93
55.92
62.59
55.77
55.81
58.85
54.87
62.22
61.24
52.96
72.32
56.23
52.60
68.85
55.70
70.80
52.74
49.71
80.73
56.01
66.47
59.72
72.05
61.82
50.38
37.80
70.77
67.06
65.95
61.05
64.16
60.87
59.52
59.33
51.92
59.98
63.36
53.20
57.73
73.99
48.09
64.70
52.85
34.70
58.16
57.60
60.56
64.61
55.42
63.74
57.51
51.80
65.15
73.61
65.25
59.13
56.82
52.47
56.78
60.11
60.07
67.58
54.27
63.74
55.49
51.85
57.86
54.71
58.14
57.35
53.96
53.06
63.42
64.54
64.75
60.34
67.35
51.14
59.71
67.30
55.94
59.65
56.85
65.60
60.49
52.69
68.68
57.67
76.64
59.78
52.01
62.65
70.88
45.87
56.81
65.51
66.91
56.12
47.18
58.31
57.18
53.65
56.77
56.81
64.15
75.56
59.98
54.13
53.01
63.33
69.73
57.36
54.76
59.42
59.73
64.79
66.07
49.18
51.37
62.94
58.90
53.02
60.39
52.69
58.82
56.59
51.09
70.62
62.40
55.80
59.67
56.46
68.06
57.76
56.55
60.99
64.07
65.84
67.01
58.24
65.34
60.79
58.85
58.36
61.19
64.50
64.53
54.24
57.67
61.26
54.02
61.65
52.14
59.94
55.28
55.59
58.28
50.16
56.06
67.75
65.00
64.48
70.39
59.58
63.17
53.47
58.87
59.90
66.86
54.74
60.25
61.20
61.77
71.16
61.47
58.24
61.91
59.40
59.74
56.61
63.73
50.84
69.80
55.63
61.01
65.09
60.37
61.80
55.30
71.49
58.35
57.40
48.47
56.30
66.31
57.31
65.32
60.47
63.92
66.63
55.54
52.88
63.61
56.42
54.83
67.97
64.38
52.37
89.26
58.43
39.83
62.08
63.08
65.18
54.05
61.48
56.97
55.99
60.52
46.78
64.88
56.52
48.73
57.18
56.94
51.27
67.94
55.71
51.68
58.60
70.85
67.03
52.13
62.13
59.20
54.54
59.64
57.19
65.93
58.01
58.53
67.86
60.81
60.89
56.73
54.21
64.19
71.70
67.33
57.61
57.39
66.71
55.74
61.49
67.91
60.73
40.56
66.97
66.95
48.76
54.46
68.59
63.49
56.94
56.18
72.91
63.48
65.44
51.83
57.46
72.28
55.78
56.00
45.63
59.79
60.46
54.28
32.68
65.73
61.56
52.36
55.94
63.95
51.89
65.30
60.43
62.04
46.59
56.17
65.87
61.70
54.76
69.75
67.02
51.47
56.71
59.73
66.96
62.52
59.44
60.49
59.92
60.37
64.36
58.93
63.62
83.38
67.27
59.79
31.82
61.47
58.55
50.47
53.34
57.21
72.71
52.24
58.93
72.02
68.97
68.12
63.53
60.63
61.60
59.79
64.92
54.67
69.71
51.85
68.43
44.59
71.67
54.03
57.61
53.45
63.44
39.27
55.15
63.19
55.29
59.20
55.95
61.32
51.16
51.59
58.12
63.91
62.07
75.05
52.05
67.01
63.16
68.62
58.75
82.48
51.42
44.79
58.63
69.74
56.39
55.70
50.08
66.96
54.16
47.11
66.70
58.35
43.08
53.21
64.39
56.15
54.58
58.62
68.32
67.26
58.50
52.21
58.51
62.98
72.18
55.62
57.76
51.16
52.79
71.68
62.07
62.43
63.90
64.18
48.85
59.26
49.65
67.60
46.45
56.88
67.08
51.87
54.75
53.09
57.85
68.46
67.14
62.67
52.17
72.78
67.87
39.50
51.78
60.74
74.00
56.80
54.83
49.94
57.00
51.46
62.69
64.54
36.40
55.45
50.57
59.54
63.62
66.40
57.62
66.77
77.50
59.09
62.39
57.69
58.70
48.68
68.09
59.73
45.22
61.61
53.75
62.63
63.85
62.56
52.82
60.86
57.15
54.36
65.87
68.43
56.15
56.45
65.70
74.43
61.16
60.87
59.43
56.93
72.11
60.62
61.58
57.01
58.19
56.33
62.08
60.00
55.51
56.89
66.98
54.31
58.29
55.63
54.41
57.13
43.41
70.44
53.26
56.09
85.39
68.11
73.76
50.33
66.81
64.30
56.26
57.70
60.54
50.70
53.17
58.75
61.83
55.69
47.15
77.04
60.35
59.07
57.31
67.58
50.16
57.59
73.41
57.65
59.18
57.16
58.29
55.09
53.63
57.57
55.40
58.36
53.58
60.18
51.89
56.12
50.06
55.78
67.41
72.73
60.97
51.08
59.06
66.48
54.44
60.24
59.63
51.46
53.33
53.96
35.85
67.28
61.79
62.88
56.39
47.02
58.94
49.08
63.95
57.22
51.28
66.28
56.72
52.98
53.72
56.57
53.70
54.44
47.90
40.72
57.07
51.38
58.87
66.97
43.04
63.23
60.31
34.46
68.35
51.39
61.51
66.96
56.58
59.36
70.01
72.22
59.63
70.58
54.71
75.00
63.58
64.15
63.32
59.14
53.93
56.18
61.78
62.58
57.04
52.21
53.89
53.54
59.58
64.19
51.78
51.65
65.25
60.12
56.89
52.51
63.75
69.33
58.52
56.19
50.82
49.61
53.70
51.63
55.90
57.15
65.60
57.16
58.15
71.70
63.09
55.04
57.39
59.39
57.31
56.89
47.50
42.86
59.34
69.02
56.03
63.20
54.87
56.34
56.39
65.14
53.81
63.26
66.34
66.59
57.08
64.65
55.88
59.80
57.94
49.52
67.36
58.69
56.53
63.30
61.14
64.82
42.87
58.51
58.30
62.76
62.02
68.51
54.96
65.08
69.31
58.99
57.67
53.34
61.64
65.71
51.01
55.19
53.92
65.60
61.12
67.90
67.44
58.06
52.41
61.65
50.80
63.88
50.85
62.22
51.18
57.31
56.00
60.23
59.45
55.45
39.26
57.42
56.97
54.71
60.32
56.39
75.35
46.16
50.65
63.09
56.98
56.25
59.25
64.11
57.83
48.44
56.50
67.23
59.26
68.82
64.84
60.90
32.79
60.48
64.98
67.84
45.15
61.91
53.49
60.20
58.58
39.23
67.42
43.25
48.47
54.37
67.37
62.92
59.18
49.34
65.70
64.00
48.90
56.60
50.58
58.23
55.14
57.15
62.32
57.59
56.09
66.25
48.86
59.65
59.42
49.86
65.89
52.22
61.61
69.11
36.88
66.32
64.84
58.03
67.40
62.17
62.18
60.12
59.92
54.24
70.26
68.30
69.36
60.31
70.71
50.63
35.80
61.01
67.56
56.45
50.99
76.40
63.84
59.17
66.43
60.55
59.84
62.81
58.61
58.01
57.22
72.14
49.86
60.25
55.98
52.48
60.02
63.58
55.17
52.77
59.24
62.35
68.56
58.83
59.65
59.36
56.86
67.86
55.56
61.01
59.67
61.34
53.03
56.49
49.11
52.87
58.24
60.41
66.74
57.11
39.15
45.09
59.80
42.57
56.15
34.56
54.39
60.99
58.53
52.11
54.82
51.96
52.61
65.70
71.87
61.87
55.90
56.94
53.83
60.36
56.22
51.86
47.26
64.00
40.06
40.50
55.08
57.47
55.49
30.18
57.40
62.70
58.63
68.80
55.65
67.85
50.48
65.91
47.92
64.69
63.45
79.25
46.90
59.98
56.66
68.01
57.82
56.53
56.17
49.82
35.09
57.95
52.11
60.56
60.34
56.17
65.96
58.70
64.16
61.95
60.48
64.25
65.32
52.56
37.38
63.10
50.54
64.91
69.74
56.36
52.29
45.48
54.15
62.20
62.43
63.79
43.12
64.76
51.90
62.45
61.05
59.00
66.72
60.61
64.49
69.38
56.08
58.10
58.11
60.17
69.97
69.50
70.29
42.74
63.49
61.55
57.55
63.31
64.96
60.90
49.53
67.17
65.87
57.97
55.79
62.51
61.41
57.42
54.19
52.55
60.71
50.92
68.50
53.90
48.84
60.61
62.06
70.78
59.90
62.86
57.93
55.32
53.72
73.72
55.90
53.51
55.73
49.62
55.77
51.80
66.57
67.42
53.92
64.30
50.53
58.90
69.23
62.78
54.17
53.45
60.64
58.65
56.08
59.82
66.21
57.00
63.04
64.25
52.52
67.93
64.92
69.31
64.59
60.17
52.44
58.82
61.51
66.91
62.59
57.91
59.35
59.78
60.48
69.64
54.48
64.30
60.28
49.14
60.65
54.60
60.90
59.76
54.80
53.58
51.40
57.47
57.97
61.00
60.53
71.01
54.84
72.47
54.32
57.02
56.64
69.08
72.59
65.06
62.18
59.08
63.14
62.01
58.62
68.88
59.68
72.33
52.91
50.37
59.56
57.73
50.65
62.90
51.85
57.10
57.35
46.26
45.47
63.31
72.56
69.26
69.51
57.47
47.99
69.42
55.47
55.69
63.71
61.80
65.19
59.83
68.98
55.20
63.18
64.43
57.69
54.23
56.06
57.45
69.92
50.14
57.91
63.38
58.25
63.36
53.40
69.55
63.33
55.43
54.94
57.45
49.58
54.88
63.81
59.01
64.14
60.61
56.36
48.95
55.87
57.25
50.37
62.65
65.80
53.86
60.52
63.55
60.43
57.68
60.14
60.62
58.83
48.69
54.83
57.51
71.03
58.26
68.31
42.51
50.16
55.90
78.67
64.53
55.35
58.97
52.55
61.90
66.18
57.32
55.41
65.82
51.44
58.88
68.16
58.48
56.01
67.15
65.88
63.93
37.31
60.80
52.48
51.19
57.79
61.05
60.00
56.82
60.08
65.37
64.11
53.99
62.57
63.85
59.56
79.42
69.62
58.92
56.34
63.97
45.09
61.10
50.87
55.06
63.81
60.42
44.78
69.01
63.65
61.41
48.37
56.44
66.30
60.43
59.26
51.16
65.20
57.09
54.30
62.30
67.36
63.65
59.22
66.07
60.18
57.03
54.45
64.92
61.94
58.91
53.26
66.60
45.38
54.96
71.88
49.67
50.79
35.66
49.50
63.65
69.33
45.67
61.61
66.11
73.59
54.71
66.28
62.32
55.09
54.68
49.74
60.42
53.15
57.83
71.49
60.89
59.13
57.49
57.28
59.62
68.20
49.37
55.23
55.66
57.53
61.69
49.30
56.46
55.52
45.09
61.89
48.93
37.56
54.53
54.82
52.01
58.85
60.86
53.07
63.69
63.00
65.73
64.18
67.19
56.42
46.43
76.52
60.82
71.22
65.73
65.80
64.86
65.35
48.32
59.23
63.63
62.48
79.87
59.14
56.75
58.08
61.13
71.61
57.62
56.92
57.28
81.26
56.14
60.67
56.67
58.95
64.32
72.40
65.37
57.88
41.25
54.10
58.68
68.61
58.01
57.94
56.90
56.54
54.98
59.39
36.26
62.12
64.03
66.63
55.33
65.79
54.59
61.24
70.56
61.98
62.35
70.56
60.83
58.06
56.33
71.81
59.48
52.79
56.98
51.81
62.40
53.91
52.70
61.99
52.82
62.12
58.56
52.02
63.89
52.81
58.69
67.33
71.58
65.54
38.66
58.52
57.20
52.47
63.06
67.74
41.30
45.92
56.78
65.88
55.44
60.65
53.95
58.66
61.99
62.69
68.86
54.85
63.61
47.03
68.31
57.49
69.58
67.42
52.16
50.05
59.10
69.61
61.51
58.06
65.57
67.15
72.92
65.82
54.91
66.43
85.65
53.46
64.22
65.64
63.56
55.83
61.18
52.41
57.75
79.12
70.84
60.96
58.57
52.05
59.17
56.88
52.89
60.10
54.36
63.37
65.87
56.01
44.46
78.85
65.52
61.84
58.79
54.41
51.86
71.14
61.77
60.82
56.56
69.69
64.70
55.10
58.37
51.68
53.36
52.81
64.43
58.31
63.64
57.26
61.04
70.22
68.15
91.49
58.74
69.49
74.97
59.11
49.43
51.79
55.96
56.63
71.09
63.72
63.35
68.70
54.00
62.67
57.24
64.64
64.16
53.17
57.80
53.15
58.87
70.32
66.38
49.88
39.22
51.54
73.82
55.27
57.09
61.74
52.17
59.28
62.07
56.80
55.15
62.64
62.36
60.82
64.79
63.60
59.63
52.79
40.62
50.33
60.79
55.83
62.54
52.94
53.89
58.68
57.51
58.97
46.65
69.17
69.30
51.50
55.39
53.23
56.27
65.98
60.71
62.30
59.27
47.40
52.99
47.45
62.28
56.69
53.74
56.73
72.31
59.67
55.72
51.18
64.39
42.38
48.30
56.75
39.29
64.36
57.52
60.69
57.88
67.52
63.37
62.88
68.21
41.71
62.29
67.30
63.15
73.89
70.58
66.37
63.36
66.07
57.86
59.55
55.57
58.69
56.33
62.15
64.67
66.73
57.12
55.71
55.80
59.26
56.10
65.09
58.20
59.22
52.02
59.29
51.24
53.66
57.75
59.53
65.86
69.71
54.87
72.12
50.23
58.03
57.82
66.95
55.19
65.13
63.32
58.35
62.34
64.77
55.16
52.37
61.36
64.45
57.32
63.57
51.20
53.71
65.07
48.55
68.72
58.72
81.12
70.08
58.22
50.95
61.18
49.25
57.72
59.63
55.67
62.49
69.98
48.71
76.74
47.24
54.77
57.56
57.06
53.23
63.04
46.65
59.24
63.81
64.25
62.58
57.77
58.91
58.49
64.03
67.77
63.10
56.52
59.06
68.93
58.41
64.65
54.99
61.05
69.85
59.87
57.92
58.30
70.51
49.93
57.96
58.55
62.55
57.74
54.82
75.57
52.64
66.43
51.75
57.19
36.61
63.88
61.73
64.31
45.15
61.37
59.53
52.93
64.34
57.67
66.01
61.79
63.59
74.37
37.07
59.59
63.19
49.60
64.14
57.66
69.51
56.78
51.44
55.90
58.15
50.54
63.29
49.72
48.75
65.70
50.56
43.02
49.24
51.80
57.70
58.04
57.55
45.52
60.65
59.71
55.70
61.95
59.73
55.89
52.88
54.97
67.70
62.41
53.69
57.91
54.74
57.86
69.04
54.92
65.39
63.10
66.35
62.96
50.12
54.89
75.08
68.91
67.54
61.83
66.43
57.10
59.90
60.18
65.05
66.57
58.07
51.05
45.70
63.82
53.35
43.33
55.00
58.82
53.36
54.59
64.11
71.47
73.71
63.16
52.50
69.56
49.64
57.52
42.59
57.23
50.63
66.34
61.03
61.24
65.39
65.91
70.22
71.97
58.75
50.27
56.52
42.06
61.12
52.28
52.03
71.71
61.21
67.83
44.27
48.66
38.86
74.41
61.57
69.12
47.69
56.34
77.62
57.73
51.14
51.49
59.64
49.96
61.31
48.90
61.76
39.45
64.64
61.65
54.59
64.17
66.19
72.68
59.50
56.98
50.93
75.72
51.87
63.77
57.38
69.67
52.87
58.26
54.05
60.72
55.60
63.74
50.28
65.92
64.38
56.37
61.41
63.55
55.16
65.67
54.70
54.19
55.87
57.26
59.97
60.04
59.96
59.75
61.66
39.83
44.09
79.27
57.62
69.15
62.66
69.69
62.85
55.29
66.40
70.36
66.22
57.90
60.87
60.92
65.83
60.25
63.08
61.94
52.66
65.93
50.61
61.31
59.72
72.79
60.07
66.23
58.03
56.66
55.27
54.94
64.58
56.18
62.80
64.57
52.90
69.16
62.95
74.31
62.14
58.95
49.31
61.51
52.43
63.71
60.00
55.93
54.84
57.37
61.70
71.16
65.68
76.75
36.36
64.98
58.09
55.89
48.68
54.48
65.80
46.53
61.05
56.12
41.98
68.38
66.60
57.83
57.06
60.56
56.44
54.29
61.33
70.84
51.32
64.61
65.12
54.64
71.75
62.33
63.61
66.07
51.50
60.55
61.23
51.40
76.19
57.44
52.78
54.48
63.61
72.22
69.31
68.26
71.74
63.08
57.80
57.19
46.51
40.61
56.02
70.80
66.58
59.22
71.37
60.86
49.24
65.88
54.95
48.95
50.70
58.07
53.54
64.05
64.32
53.36
46.79
60.00
47.48
56.72
63.46
46.35
62.12
47.81
51.08
64.47
52.93
54.25
48.73
58.01
63.01
55.25
54.54
57.74
52.48
60.36
60.62
60.86
69.71
49.79
55.42
45.72
57.53
56.25
63.16
60.60
61.64
56.75
65.22
57.58
52.76
62.91
69.21
60.17
66.90
69.49
54.19
57.27
60.50
55.51
62.89
48.98
63.63
57.51
58.91
56.17
72.57
45.31
52.62
71.05
71.93
58.25
56.38
46.05
61.93
61.30
56.34
66.22
70.46
56.91
64.63
57.34
58.71
62.52
69.38
69.58
56.60
68.48
57.22
59.22
63.56
56.20
70.74
50.44
49.06
69.51
65.02
70.11
53.69
65.45
57.39
61.46
58.75
52.22
65.09
64.34
62.74
69.57
69.58
63.45
58.61
58.83
55.96
61.80
62.93
64.79
63.04
53.60
71.20
63.03
60.69
61.86
61.62
49.37
54.97
50.53
49.08
46.95
60.47
61.43
60.58
72.33
59.53
54.35
57.77
54.98
58.65
64.43
58.96
64.35
62.23
62.00
65.56
61.03
61.13
58.17
53.88
54.02
59.34
56.28
55.72
64.22
37.36
62.13
58.50
64.89
63.02
74.17
65.29
58.39
59.52
55.37
62.86
70.16
60.46
64.12
57.80
53.55
54.01
55.32
58.08
57.64
68.31
56.22
60.84
62.03
49.21
56.09
63.19
63.82
55.98
77.81
50.36
48.74
56.86
54.37
76.69
50.40
58.74
61.20
63.34
61.62
63.77
61.69
66.04
59.24
60.80
60.57
61.76
61.76
49.94
59.55
54.32
60.88
56.59
62.56
52.13
59.54
49.74
53.96
53.62
58.02
56.23
67.10
54.68
65.20
66.10
56.05
57.86
56.23
59.45
58.37
64.17
62.30
58.69
56.27
54.33
62.75
49.72
51.89
62.16
58.51
51.57
61.01
68.89
60.85
